1 2 257 262 319 320 447 544 1300 1318 1346 1540 1568 1902 3066 3069 3612 4054 4121 4148
3 4 204 832 1056
7 667 1204 1264 2603 2656 3571 3692 4091 4363 4494
8 1511 2308 2309 3804 4420 4505
10 11 14 69 133 271 276 317 486 529 701 720 802 871 911 1145 1345 1349 1387 1389 1392 1400 1404 1417 1431 1472 1478 1529 1532 1651 1673 1680 1756 1819 1826 2011 2044 2103 2105 2112 2190 2245 2317 2330 2376 2618 2627 2637 2646 2700 2857 2919 3002 3024 3035 3211 3217 3506 3529 3546 3679 3699 3885 3956 4137 4164 4165 4206 4210 4236 4273 4524 4533 4602 4704 4743 4963 4967 4980 4982 4983
15 16 17 18 734 905
19 20 21 22 23 327 358 359 360 361 362
26 239 477 1816 1923 2165 2799 2884 3407 3821 4956
275 431 432 433 1990 2322 2330 2550 2641 2940 4036 4040 4087 4163 4197 4232 4256 4266 4325 4348 4367
28 29 30 1797 1920 2035 2087 2923 3703 4159
31 32 33 197 294 295 297 300 301 304 306 307 308 309 311 312 383 392 480 504 628 630 631 759 814 856 857 889 1199 1246 1282 1343 1395 1473 1474 1475 1710 2252 3825 4124 4219
36 37 335 524 1372 2042 2699 3099 4644 4645
38 39 40 43 44 61 62 64 244 1006 1499 1682 1934 1985 2221 2227 2603 2672 3542 4083 4194 4230 4305 4319 4485
41 50 58 60 85 91 145 186 219 256 261 265 268 283 315 326 330 332 338 339 396 401 422 429 439 440 467 491 558 559 570 635 643 644 661 692 697 706 741 750 769 784 826 833 847 855 890 910 1023 1026 1089 1097 1165 1258 1293 1297 1354 1420 1459 1462 1516 1550 1556 1561 1572 1620 1621 1648 1652 1658 1664 1665 1666 1699 1877 1947 2053 2093 2148 2235 2325 2533 2536 2547 2619 2870 2932 3094 3138 3249 3266 3287 3307 3329 3438 3499 3810 3861 3918 3950 3952 3978 4034 4039 4056 4065 4082 4110 4122 4161 4217 4220 4238 4336 4341 4342 4347 4348 4370 4377 4388 4451 4453 4460 4461 4473 4483 4486 4739
42 251 1334 1650
46 47 924 1805 2305 2306 2733 3401 3807 3831 4109 4276 4604
49 473 474 1046
51 52 53 54 63 64 91 115 116 261 284 326 341 372 383 396 475 478 570 597 606 667 681 689 784 798 926 927 933 949 970 1020 1212 1215 1218 1309 1383 1449 1468 1482 1506 1551 1558 1559 1629 1646 1682 1934 1947 1988 2060 2095 2131 2187 2249 2368 2530 2685 2796 2820 3249 3275 3692 3772 3841 4034 4082 4083 4084 4174 4228 4280 4305 4360 4363 4473 4507 4682
57 87 2213 3292 4111
59 368 718 971 973 974 976
1321 1339 1682 1767 1934 3112 3139 3314 4305
65 66 67 68 119 1069 1411 1599 2097 2161 2177 2206 2215 3422 3568
74 390 527 854 977 1398 1448 1466 1467 1482 1697 2095 2657 4034 4549
75 76 77 141 144 149 166 167 213 218 228 236 492 614 615 616 687 831 844 845 1485 1536 1563 1598 1706 1723 1743 1765 1984 2731 3538 3588 3677 4534 4630
78 109 266 500 1649 2721 2761
80 152 683 684 1221 1222 1434 1604 1605 1606 1607 2726 4069 4514 4539 4600 4610 4673
712 1590 1591 1592 1593 1594 1595 1597
85 86 605 607 608 1065 1122 1157 1823 1860 1946 2221 2328 2686 2687 2720 2729 2861 2878 2882 3009 3054 3330 3433 3626 3666 3720 3858 4079 4162 4168 4169 4170 4189 4248 4250 4251 4307 4362 4389 4403 4468 4469 4522 4557
90 253 1268 2746
93 95 96 97 101 104 400 656 950 1022 1185 1263 1380 1382 1391 1403 1413 1452 1489 1495 1496 1497 1524 1526 1564 1566 1602 1843 1960 2329 4068 4071 4074
94 515 516 627 680 877 1453 1497 1586 3768
98 99 342 343 345 346 350 351 353 371 375 376 1337 1338 1521 1640 4496
100 554 555 1454 1645 1692 4499
107 108 249 445 678 1379 1803 2071 2073 2077 2078 2092 2098 2099 2549
110 303 522 770 771 773 776 778 786 787 788 1288 1994 1997 2960 2961 3357 3583 4158 4301 4624
113 117 118 139 168 176 205 357 617 817 830 1527 1869 1956 2088 2757 3486 4413 4560
114 240 468 652 704 975 1088 1243 1548 1707 1854 2021 2882 2912 2944 2956 3160 3605 3745 4170 4192 4225 4252 4254 4255 4260 4281 4333 4338 4359 4440 4456
122 1236 2024 2844 4538
125 1194 2836 3297
127 760 944 945 1362 3123 3728
128 2643 2762 3483 3899 4216 4234 4243 4353 4355 4358 4976
134 2178 2270 2950 3316 3545 3707 3942 3994 4032 4574 4575 4576 4577 4578 4579 4580 4581 4582 4583 4585 4586
135 1446 1717 1886 2096 3898 4048 4501
154 163 299 502 560 640 799 1262 1713 1929 2005 2022 2487 2935 2941 3503
159 164 659 1272 1273 1432 1494 2683 2883 3652 3809 4097 4098 4519 4520
162 1198 1244 2577
169 207 355 356 880 881 882 883 884 1893 1979 3681
170 509 556 557 1003 1071 1100 1283 1471 1492 1776 2592 2958 3640 3668 4035
171 1625 1771 2412 3155 3157 3415
173 506 539 655 1357 1416 1418 1603 1631 1635 1967 2990
179 180 374 430 584 673 674 1502 1503 1504 1554 1579 1608 2521 3213 4089 4309 4310 4316 4412 4428 4552 4616 4632
187 3924 3949 3962 4066
189 194 727 4050
191 1301 1983 2219 2331 3245 3356 3452 3624 3702 3928 4186 4191 4564 4565 4566 4567 4568 4570 4571 4572
196 1484 2483 2484 3458 4532 4558
206 210 613 998 1548 2147 2273 2363 2411 2511 4755
212 2596 2689 3802
216 459 541 543 1081 1409 1512 1514 1600 2388 2946 3676 3770 4938
217 243 273 274 278 280 287 427 1358 1359 1360 1361 1476 1808
230 232 395 402 403 1791 1792 2612 2812 2814
234 293 407 1152 1188 1393 1394 1804
241 461 1535 3954 3955
242 806 1000 2183
244 2436 2672 4107 4294
246 565 912 1186 1187
248 250 1914 2230
263 264 1296 1440 1587 1675 1676 3345 3623 3870 4064 4687 4692 4906
267 268 269 270 283 286 291 292 668 928 932 1015 1200 1219 1289 1330 1359 1442 1787 1873 1876
316 719 721 805 1959 2135 4134
321 322 323 324 2158 2698 3604 4884
333 334 337 344 347 348 611 4619 4620
363 364 365 2578 3200 3527 4101
369 926 927 1020 1215 1251 1269 1331 1629 1812 1814 2249 2307 2565
1014 1709 2500 2501
391 393 653 1562 2529
397 398 399 722 724 1926 1930 1938 1942 1943 3165 4990
404 406 1908 2243 3126
412 2074 2102 2106 2109 2110 2111 2114 2115 2116 2117 2118 3655 3806
437 438 752 2849
441 1266 1842 2049 2050 2774 2917 3023 4679
444 813 822 825 827 828 1103 1136 1137 1138 1139 1148 2241 4472 4516 4969
457 530 1490 1491
485 958 1254 1255 1295 2086 2977
488 489 498 846 1123 1124 1890 1891 4061
495 496 1429 1542 1543 1544 1545 1998
501 579 598 1780 2067 2231 3185 3302
512 578 2540 3991
519 1777 2083 3660 3661
531 532 2085 4599 4705
533 534 941 1119 1189 2123 4077
546 547 783 990 991 992 993 994 1018 3134 3722
548 549 1240 4196
705 3451 4422 4637
981 982 983 985 986
586 588 589 999 2477
587 756 811 904 984 1049 1533 1888 1889 1894 1919 1975 2236 2244 2341 2342 2375 2384 2495 2569 2671 2717 2723 2734 2805 2864 2991 3074 3186 3208 3284 3294 3471 3560 3636 3653 3693 3716 3921 3957 3973 4062 4531 4628 4698 4706 4762 4764 4767 4773 4783 4784 4785 4787 4788 4794 4796 4798 4799 4826 4827 4828 4831 4848 4871
591 592 593 781 1051 1090 2605 2846
602 801 803 804 2784
808 1213 1242 1350 1368 1371 2030 3033 3577 4237 4517
632 633 650 1021 1159 1223 2172 3130 4816 4819
1774 2316 2629 4395
641 682 1378 1547 1630
1094 1095 1104 4099
666 902 1441 1500 1655 1656 4092
1463 2897 2906 4943
677 728 2275 2304 2553 2630 3177 4968
737 738 739 740
695 3873 4126 4663
714 715 1847 2343 4746
735 736 4296 4311
758 1610 1611 1612 1911 2478 4710 4711
764 1918 2473 3055 3125
766 1118 2104 2525 3052 3053
789 790 793 1290 1302
839 840 841 842 1163 1259 2586
843 1010 1841 3041 3251 4171
870 1113 1114 4756
904 925 980 1054 1084 1596 1674 1889 1975 2236 2375 2392 2465 2469 2502 2852 2931 3070 3219 3234 3284 3294 3346 3394 3512 3636 3731 3872 3890 3915 3941 3989 4223 4312 4527 4545 4765 4769 4771 4773 4786 4792 4793 4797 4801 4804 4826 4835 4859 4871 4888 4890 4902
906 907 908 909 2851 3426 4067 4284 4285
922 1764 1855 2027 3970
936 951 952 2036 2938 3176 4672
937 938 2524 2895
963 1271 2247 2914 4548 4627
1011 1012 1048 2189 2257 2340
1032 2468 4371 4431 4432
1052 1053 1161 1162 1522 1523 4523
1132 1133 2389 4005
1284 2295 4105 4106
1291 2133 3524 3853
1399 1401 1456 4295 4299 4966
1423 1424 1425 1426 1427
1458 2259 3977 4100
1662 1670 1671 1672
1745 3212 3347 3378 3501 3632 4085 4086 4853 4876 4877
1793 2437 3488 3752
1871 2310 2311 2385
1963 2674 4016 4154 4633 4701
1966 2162 2279 3232
780 2184 2191 2789 4638 4765 4882
2137 2138 2688 3127
2156 2910 3253 3254 3255 3256
2407 2408 2409 2410
2454 3051 3485 3672 3673
4779 4781 4789 4913
2751 3195 3757 3758 3874 4400
2869 3045 3835 3836
3317 3341 3342 4921
3561 4917 4918 4919
3570 3902 4993 4994
3695 3916 3966 4878
3995 3996 3997 3998 3999
