1 2 240 257 262 284 319 320 382 432 433 447 493 494 526 544 571 583 603 638 668 679 696 707 708 753 763 772 860 864 891 894 897 913 917 996 1025 1068 1084 1098 1154 1200 1250 1299 1300 1317 1318 1346 1450 1482 1508 1531 1534 1540 1549 1568 1569 1570 1572 1596 1622 1669 1818 1828 1835 1883 1895 1902 1947 1970 1975 1985 2021 2039 2043 2048 2128 2229 2234 2314 2316 2345 2346 2347 2350 2351 2352 2371 2392 2395 2426 2462 2514 2530 2564 2585 2617 2624 2628 2633 2635 2639 2645 2718 2794 2820 2852 2859 2872 2916 2926 2965 3066 3069 3070 3081 3238 3284 3346 3418 3464 3499 3502 3591 3605 3612 3692 3731 3772 3781 3843 3865 3890 4037 4054 4091 4111 4121 4148 4312 4342 4363 4449 4491 4621 4765 4769 4770 4786 4792 4793 4797 4801 4804 4810 4811 4835 4883 4890 4902
3 4 204 832 1056
7 667 1204 1264 2603 2656 3571 3692 4091 4363 4494
8 184 1511 2065 2308 2309 3804 4242 4402 4420 4505
10 11 12 14 24 27 69 71 129 133 209 261 271 275 276 282 317 419 486 529 552 563 634 679 701 720 745 770 784 802 867 871 875 911 959 1028 1145 1344 1345 1347 1349 1366 1387 1389 1390 1392 1400 1404 1417 1419 1430 1431 1449 1466 1468 1472 1478 1529 1532 1651 1666 1673 1680 1703 1738 1747 1756 1786 1819 1826 1949 1970 2011 2044 2055 2103 2105 2112 2113 2151 2190 2245 2317 2330 2368 2376 2400 2480 2618 2624 2627 2636 2637 2641 2646 2647 2685 2700 2767 2772 2773 2857 2894 2919 2925 3002 3024 3033 3035 3132 3138 3182 3211 3217 3231 3263 3301 3439 3506 3525 3529 3546 3679 3692 3699 3885 3956 3992 4007 4033 4036 4087 4116 4137 4161 4163 4164 4165 4185 4202 4203 4206 4210 4211 4214 4218 4220 4232 4236 4245 4256 4268 4273 4275 4278 4279 4342 4372 4383 4391 4492 4507 4524 4533 4535 4602 4641 4704 4743 4963 4967 4980 4982 4983
15 16 17 18 733 734 905 1506 2192 2371 4214
19 20 21 22 23 327 358 359 360 361 362 779 2654 3340 4111 4341
26 27 239 477 603 780 795 1402 1816 1921 1922 1923 2165 2167 2395 2777 2789 2791 2797 2799 2879 2884 3407 3771 3821 4383 4956
275 431 432 433 1990 2322 2330 2550 2641 2940 4036 4040 4087 4163 4197 4232 4256 4266 4325 4348 4367
28 29 30 413 458 730 1182 1366 1460 1506 1508 1573 1576 1679 1768 1797 1798 1920 1974 2035 2040 2087 2299 2474 2923 3703 3953 3992 4074 4111 4143 4159 4348 4363
31 32 33 85 91 172 197 244 294 295 296 297 300 301 304 305 306 307 308 309 310 311 312 313 383 384 392 480 503 504 628 630 631 697 743 750 759 780 814 856 857 886 887 889 899 900 1149 1199 1246 1279 1281 1282 1343 1395 1420 1473 1474 1475 1486 1487 1658 1710 1922 2048 2251 2252 2522 2715 3191 3214 3499 3582 3613 3650 3825 4053 4059 4111 4122 4123 4124 4214 4219 4440 4640 4658 4744
36 37 335 336 524 525 1153 1372 1447 2042 2699 2868 3056 3099 4644 4645
38 39 40 43 44 61 62 64 188 244 574 779 1006 1437 1499 1589 1668 1669 1682 1934 1985 2152 2221 2227 2298 2603 2656 2672 2729 2943 2956 3241 3278 3365 3542 3571 3626 4083 4170 4189 4190 4193 4194 4225 4227 4230 4247 4254 4305 4319 4457 4466 4468 4485 4491 4507 4597
41 50 58 60 85 91 103 111 116 143 145 150 151 172 186 188 193 198 219 240 245 256 261 265 268 281 282 283 284 288 315 318 326 329 330 332 338 339 341 383 396 401 405 422 426 429 439 440 458 463 467 481 491 494 507 514 517 526 535 558 559 570 571 574 597 606 634 635 643 644 646 657 661 667 689 692 693 694 697 704 706 710 713 730 741 742 750 754 769 779 784 798 823 824 826 833 838 847 852 855 888 890 910 949 970 972 1015 1023 1026 1027 1033 1044 1074 1085 1088 1089 1093 1096 1097 1111 1147 1165 1182 1183 1200 1204 1243 1258 1270 1289 1293 1297 1354 1356 1359 1366 1373 1374 1381 1419 1420 1428 1442 1459 1460 1461 1462 1481 1482 1501 1506 1508 1516 1537 1538 1546 1549 1550 1551 1553 1555 1556 1559 1560 1561 1572 1589 1620 1621 1646 1648 1652 1654 1658 1664 1665 1666 1667 1698 1699 1707 1718 1743 1818 1822 1849 1854 1857 1877 1883 1909 1927 1939 1941 1947 1977 1980 1988 2001 2021 2040 2053 2060 2072 2093 2095 2108 2113 2131 2148 2235 2274 2298 2300 2323 2325 2371 2402 2512 2514 2522 2530 2533 2536 2547 2603 2619 2651 2656 2669 2673 2693 2796 2820 2870 2871 2881 2920 2932 2933 2956 3062 3094 3110 3138 3145 3241 3249 3264 3266 3275 3287 3301 3306 3307 3329 3397 3438 3460 3499 3571 3589 3591 3687 3691 3692 3747 3772 3801 3810 3838 3841 3860 3861 3866 3900 3918 3923 3950 3952 3978 4033 4034 4039 4052 4055 4056 4065 4082 4083 4084 4090 4091 4094 4104 4110 4111 4122 4143 4151 4161 4178 4194 4217 4220 4227 4238 4241 4245 4247 4263 4266 4283 4298 4306 4314 4325 4331 4336 4341 4342 4346 4347 4348 4359 4363 4365 4366 4370 4373 4376 4377 4388 4402 4423 4430 4440 4449 4451 4452 4453 4457 4460 4461 4467 4473 4474 4475 4483 4486 4487 4491 4492 4494 4728 4739 4986 4988
42 50 82 130 251 422 679 750 1033 1265 1334 1589 1650 2777 2908
46 47 753 838 921 924 1331 1385 1386 1506 1508 1626 1633 1711 1805 1814 2305 2306 2315 2514 2733 3401 3807 3831 4109 4276 4604 4700
49 473 474 1046
51 52 53 54 63 64 91 115 116 261 284 326 341 372 383 396 475 478 570 597 606 667 681 689 784 798 926 927 933 949 970 1020 1212 1215 1218 1309 1383 1449 1468 1482 1506 1551 1558 1559 1629 1646 1682 1934 1947 1988 2060 2095 2131 2187 2249 2368 2530 2685 2796 2820 3249 3275 3692 3772 3841 4034 4082 4083 4084 4174 4228 4280 4305 4360 4363 4473 4507 4682
57 85 87 88 89 91 172 470 471 651 697 879 1205 1270 1420 1548 2167 2211 2213 2522 2881 3291 3292 3499 4111 4122 4516
59 260 368 370 718 971 973 974 975 976 2128 4801
64 153 1321 1339 1369 1505 1574 1682 1767 1934 1975 2019 2153 3112 3139 3140 3271 3313 3314 3315 3542 3571 3603 4305 4468
65 66 67 68 119 411 465 470 780 879 892 996 1068 1069 1154 1176 1205 1411 1412 1450 1479 1581 1582 1599 1746 1828 1985 2047 2048 2097 2161 2164 2167 2177 2192 2206 2211 2215 2395 2564 2718 2777 2794 2828 3116 3397 3422 3539 3568 3813 4621
73 367 1217 1363 1806 1892 2082 2316 2624 2633
74 91 193 261 288 326 390 396 401 405 414 422 423 526 527 597 661 697 775 854 977 1023 1028 1366 1398 1448 1466 1467 1482 1572 1577 1646 1697 1718 1862 2095 2530 2657 2658 2685 2796 3542 3543 3772 3918 4034 4082 4220 4365 4402 4549 4550 4551
75 76 77 91 141 144 149 150 151 165 166 167 207 213 218 228 235 236 245 261 355 356 448 490 492 528 585 606 614 615 616 618 667 687 688 798 831 844 845 880 881 884 949 1067 1088 1111 1485 1536 1555 1563 1572 1598 1684 1693 1706 1723 1725 1735 1743 1765 1878 1893 1906 1944 1979 1984 2323 2626 2731 2796 3062 3110 3456 3473 3538 3588 3589 3605 3677 3681 3687 3717 4072 4192 4254 4263 4467 4473 4512 4513 4534 4573 4587 4630 4631
78 82 109 261 266 500 754 1516 1649 2721 2761 3729
80 85 152 535 683 684 685 1130 1221 1222 1434 1604 1605 1606 1607 2726 2881 3499 4069 4514 4539 4600 4610 4673
712 904 925 1084 1590 1591 1592 1593 1594 1595 1596 1597 1821 1889 1975 2236 2375 3117 3284 3294 3636 3731 3890 3915 4312 4769 4773 4792 4793 4804 4826 4835 4871
85 86 89 161 188 605 607 608 652 777 975 1006 1065 1088 1122 1142 1157 1437 1450 1718 1823 1828 1860 1862 1906 1922 1946 2221 2254 2298 2328 2361 2394 2472 2522 2564 2603 2670 2686 2687 2720 2729 2796 2808 2861 2862 2878 2882 2944 2956 3009 3033 3044 3054 3062 3091 3110 3160 3330 3365 3433 3473 3543 3605 3626 3666 3690 3717 3720 3726 3858 3983 4079 4081 4162 4168 4169 4170 4176 4177 4188 4189 4190 4192 4193 4194 4203 4225 4227 4229 4230 4242 4248 4250 4251 4252 4254 4255 4260 4263 4266 4289 4298 4304 4307 4321 4327 4333 4338 4359 4362 4389 4402 4403 4466 4467 4468 4469 4470 4473 4498 4507 4522 4540 4557
90 252 253 254 1268 2746
93 95 96 97 101 102 103 104 161 183 184 400 411 433 619 654 656 664 669 679 680 686 717 729 765 800 877 950 1008 1022 1142 1185 1196 1202 1263 1321 1369 1380 1381 1382 1391 1403 1413 1452 1453 1460 1483 1489 1495 1496 1497 1524 1526 1530 1564 1565 1566 1578 1585 1601 1602 1626 1843 1912 1922 1960 1975 2010 2220 2314 2316 2329 2346 2350 2352 2394 2512 2624 2633 2635 2644 2647 2694 2697 2709 2816 2823 3049 3231 3365 3443 3599 3690 4068 4071 4074 4170 4189 4190 4192 4198 4254 4507 4540 4658 4684
94 102 515 516 626 627 670 680 877 1027 1453 1497 1586 1706 2777 3443 3682 3768
98 99 336 341 342 343 345 346 350 351 352 353 371 372 373 375 376 772 826 1267 1286 1308 1337 1338 1374 1397 1469 1521 1640 1849 2153 2354 2527 2580 2969 3028 3042 3240 3650 3727 4265 4496
100 426 554 555 879 1205 1317 1381 1454 1497 1585 1645 1692 1964 2000 2004 2069 2662 2730 3231 4074 4499
107 108 193 249 279 445 446 654 678 694 775 1364 1377 1379 1460 1534 1538 1555 1582 1781 1803 2066 2071 2072 2073 2075 2076 2077 2078 2079 2080 2084 2091 2092 2098 2099 2386 2396 2549 2742 2837 2954 3249 3691 4093 4153 4360 4473 4474 4516 4669
110 129 207 303 373 396 522 723 743 770 771 773 776 778 784 786 787 788 1028 1288 1421 1483 1486 1487 1616 1653 1868 1927 1928 1941 1942 1990 1994 1997 2317 2464 2722 2960 2961 3357 3583 4053 4158 4202 4301 4388 4535 4624 4914
113 117 118 139 150 151 166 168 176 177 178 183 184 205 207 209 355 356 357 386 433 490 617 637 817 830 880 881 884 1013 1019 1067 1111 1527 1641 1706 1743 1869 1893 1956 1979 2088 2264 2323 2352 2757 2890 3473 3486 3523 3681 4413 4512 4513 4560
114 240 468 652 704 975 1088 1243 1509 1548 1707 1854 2021 2720 2882 2912 2944 2956 3160 3571 3605 3745 4170 4192 4225 4230 4252 4254 4255 4260 4263 4281 4333 4338 4359 4440 4456
122 1236 2024 2844 4538
125 1194 2836 3297
127 760 761 944 945 1063 1156 1362 3122 3123 3598 3728
128 209 275 284 433 765 800 1087 1839 1912 1993 2198 2314 2316 2346 2350 2352 2462 2624 2633 2635 2643 2644 2762 2763 3132 3218 3300 3483 3526 3879 3899 4040 4087 4214 4215 4216 4234 4243 4256 4268 4353 4355 4358 4381 4976
134 680 935 1815 2178 2264 2270 2395 2916 2950 3316 3545 3707 3942 3993 3994 4032 4188 4192 4372 4573 4574 4575 4576 4577 4578 4579 4580 4581 4582 4583 4585 4586 4587
135 282 388 426 1446 1717 1818 1844 1884 1886 2096 2505 3898 4048 4176 4408 4501
154 163 299 502 560 638 640 668 707 799 885 928 932 935 1060 1107 1180 1200 1204 1216 1262 1303 1498 1713 1876 1929 1968 2003 2004 2005 2021 2022 2048 2119 2399 2487 2574 2714 2935 2941 3142 3278 3503 3504 3515 3666 3667 4070 4073 4944
159 164 490 625 659 696 849 858 1098 1272 1273 1432 1470 1494 1509 1538 1684 1686 1706 1731 1878 1912 2352 2683 2883 2889 3626 3652 3809 4097 4098 4406 4519 4520
162 1198 1244 2577
169 207 355 356 880 881 882 883 884 1893 1979 3681
170 261 509 556 557 567 618 746 833 935 1003 1004 1023 1059 1060 1071 1098 1100 1131 1153 1270 1283 1293 1420 1471 1492 1516 1551 1776 2043 2077 2592 2925 2944 2958 2986 3170 3278 3640 3668 4034 4035 4040 4142 4321 4751
171 1625 1771 2412 3155 3157 3415 3772
173 505 506 539 655 775 1309 1357 1416 1418 1603 1631 1635 1636 1967 2041 2315 2545 2834 2989 2990 4231 4365 4910
175 2072 2080 2084 2089 2090
177 178 179 180 374 430 584 665 673 674 1447 1502 1503 1504 1554 1577 1579 1608 1922 2168 2254 2521 3009 3150 3213 3320 3572 3769 4089 4099 4177 4298 4305 4309 4310 4316 4412 4428 4552 4554 4597 4616 4632
187 3924 3949 3962 4066
189 194 414 727 853 4050
191 1050 1279 1301 1854 1983 2010 2218 2219 2331 2332 2333 2349 2776 2794 3227 3245 3356 3418 3452 3620 3624 3702 3847 3928 4186 4191 4564 4565 4566 4567 4568 4570 4571 4572 4671
196 597 1367 1483 1484 2483 2484 3458 4312 4532 4558 4657 4658
206 210 613 755 998 1044 1241 1253 1419 1430 1548 1694 1854 2146 2147 2150 2272 2273 2363 2364 2365 2411 2434 2510 2511 2632 2874 3142 3264 3267 3393 3875 4133 4349 4350 4516 4755
212 2596 2689 3802
216 254 448 459 490 538 541 543 645 1080 1081 1082 1409 1422 1428 1493 1512 1513 1514 1600 1711 1874 2126 2388 2803 2925 2936 2946 2952 3226 3495 3513 3605 3676 3770 4937 4938
217 243 252 254 273 274 278 280 287 426 427 471 644 755 1015 1358 1359 1360 1361 1363 1402 1476 1573 1808 2021 2443 2632 3109 3164 3900 4133 4149
230 232 395 402 403 795 1174 1385 1386 1453 1481 1497 1585 1791 1792 2041 2474 2612 2812 2814 3272 3587 3605 3690 3824 3828 4096 4225 4253 4333 4338 4498
234 293 407 886 1152 1188 1246 1287 1393 1394 1658 1804 3650 4640
241 460 461 462 1093 1396 1397 1535 1551 2289 3954 3955 4053 4091 4268
242 806 1000 2183
244 753 1285 1985 2436 2672 3602 4083 4107 4294 4485
246 565 912 1186 1187
248 250 1914 2230
263 264 1171 1296 1439 1440 1587 1614 1675 1676 1744 1856 2034 2708 2740 2741 3345 3623 3691 3870 4060 4064 4562 4687 4692 4849 4906 4907
267 268 269 270 274 282 283 284 286 291 292 668 920 928 932 1015 1060 1107 1180 1200 1216 1219 1289 1330 1356 1358 1359 1374 1414 1442 1457 1750 1787 1845 1851 1867 1873 1876 1883 2003 2021 2040 2256 2514 3098 3389 4149 4348
316 646 719 721 805 1182 1449 1468 1957 1959 2032 2057 2135 2234 2300 3171 3275 3848 4034 4134 4349 4350 4430
321 322 323 324 893 1196 1626 2158 2697 2698 3049 3604 4884
333 334 336 337 341 344 347 348 611 4619 4620
363 364 365 2578 3200 3527 4101
369 926 927 933 1020 1212 1214 1215 1251 1269 1309 1331 1385 1629 1633 1812 1814 2249 2307 2565 4280 4682
1014 1709 2242 2500 2501
391 393 514 653 654 1562 1881 2529 3876 4093
397 398 399 523 688 722 723 724 729 770 914 1008 1421 1926 1927 1928 1930 1935 1938 1941 1942 1943 2010 2458 2575 3068 3115 3165 3443 3599 4990
404 406 1908 2243 3126
412 812 1054 1084 1781 1975 2074 2075 2102 2106 2108 2109 2110 2111 2113 2114 2115 2116 2117 2118 2128 2236 2371 2392 2426 2469 2585 2852 2965 3070 3238 3284 3294 3346 3464 3502 3655 3656 3731 3781 3805 3806 3915 4223 4765 4769 4770 4786 4792 4793 4797 4801 4804 4810 4811 4835 4883 4890 4895 4902
421 744 1093 2722 2801
437 438 752 2849
441 935 1266 1430 1842 2049 2050 2774 2917 3023 4556 4679
444 570 654 813 822 823 824 825 826 827 828 852 966 1103 1136 1137 1138 1139 1140 1148 1239 1419 1744 1822 2241 2242 2490 2925 3692 4218 4349 4350 4449 4472 4516 4969
457 530 1490 1491
485 875 957 958 1229 1254 1255 1295 1303 1613 2086 2320 2367 2395 2631 2756 2977 3190 3191 4026 4277 4278 4279
488 489 498 608 775 846 1123 1124 1156 1890 1891 2320 2395 2462 4061
495 496 1428 1429 1542 1543 1544 1545 1998
499 501 579 598 1780 2067 2231 2232 3185 3302 3771 4511
512 578 2540 3991
519 1777 2083 3660 3661
622 716 1248 2315 2574 2675 2719 2743 2952 4485 4521
531 532 2085 4599 4705
533 534 679 696 941 1098 1119 1189 2123 4077 4335
546 547 783 990 991 992 993 994 1018 2352 2558 2662 2667 3134 3199 3204 3218 3429 3459 3722 3930 4842
548 549 1240 4196
550 551 639 1038 1153 2229 2355
552 705 707 708 2455 2633 2859 3451 4422 4637
765 981 982 983 985 986 1170
586 588 589 999 2477
587 756 811 812 893 904 925 980 984 1049 1050 1054 1055 1084 1225 1250 1321 1533 1596 1609 1628 1674 1684 1742 1888 1889 1894 1919 1975 1995 2013 2120 2128 2236 2244 2341 2342 2371 2375 2384 2389 2392 2426 2465 2469 2482 2495 2502 2534 2569 2585 2671 2679 2716 2717 2723 2734 2788 2800 2805 2852 2864 2931 2965 2991 3022 3070 3074 3082 3117 3186 3208 3234 3284 3294 3346 3464 3469 3471 3512 3560 3636 3653 3693 3698 3716 3731 3819 3890 3915 3921 3957 3973 4002 4062 4179 4312 4531 4628 4698 4706 4761 4762 4764 4765 4766 4767 4769 4770 4772 4773 4783 4784 4785 4786 4787 4788 4792 4793 4794 4795 4796 4797 4798 4799 4800 4801 4804 4810 4811 4826 4827 4828 4831 4834 4835 4839 4844 4848 4850 4859 4871 4890 4902
591 592 593 781 1051 1090 1091 1098 1912 2605 2606 2846 3786
472 602 801 803 804 1922 2633 2777 2784 2794 2828 3018
808 920 928 932 1212 1213 1216 1242 1331 1350 1352 1368 1369 1371 1385 1386 1530 1626 1633 1718 1814 2030 2031 2032 2472 2713 3033 3049 3389 3577 4080 4220 4237 4396 4517 4573
620 621 1369 1370
632 633 650 1021 1159 1223 1742 2167 2172 2697 3104 3130 4360 4786 4814 4816 4819
153 433 638 668 679 707 708 860 864 891 894 897 1025 1068 1774 1970 1985 2043 2229 2234 2314 2316 2346 2347 2350 2352 2462 2624 2628 2629 2633 2635 2645 4395
641 682 1377 1378 1547 1630
696 860 891 1025 1087 1091 1094 1095 1098 1104 1105 1628 1970 2043 2316 2346 2347 2350 2351 2352 4099 4597
666 902 1441 1500 1655 1656 2121 2855 4092
1463 1464 1548 2395 2777 2890 2897 2906 2916 4943
677 728 2275 2304 2553 2630 3177 4968
693 737 738 739 740 780 892 1176 1326 1567 2164 2192 2240
695 3873 4126 4663
714 715 1182 1847 2343 4348 4430 4746
735 736 4296 4311
758 946 1610 1611 1612 1613 1614 1911 2478 2735 4710 4711
764 1918 2473 3055 3125
766 1118 2104 2525 3052 3053
789 790 793 1290 1302
839 840 841 842 894 1163 1259 2586
843 954 1010 1322 1841 1862 3041 3251 3252 4171 4176 4214
870 1068 1113 1114 2316 2347 2352 2631 3845 4735 4756
812 904 925 980 1054 1084 1225 1592 1596 1628 1674 1889 1975 2120 2128 2236 2375 2392 2465 2469 2502 2852 2931 3070 3219 3234 3284 3294 3346 3394 3464 3512 3636 3731 3872 3890 3915 3941 3989 4223 4312 4527 4545 4761 4765 4769 4770 4771 4773 4786 4792 4793 4797 4801 4804 4826 4834 4835 4844 4859 4871 4888 4890 4902
553 906 907 908 909 2300 2851 3426 4067 4284 4285
922 1764 1802 1855 2027 3970
936 951 952 1130 2036 2938 3176 4672
937 938 2524 2895
955 2375 2535 3163 3406 4769
574 963 1271 2247 2914 3525 3953 4049 4548 4627
995 996 1154 1728 2326 2327
772 997 1613 2617 2633 2639 3779 3834
1011 1012 1048 2189 2257 2340
1032 1270 2468 2820 4371 4431 4432
1052 1053 1161 1162 1522 1523 4523
1101 1125 2124 2775 3142
1126 1127 1129 3671
1132 1133 2389 4005 4889
1284 2295 4105 4106
1291 2133 3524 3853
260 1399 1401 1402 1456 1457 1978 2709 3171 4295 4299 4966
1405 1422 1423 1424 1425 1426 1427
1458 2259 3977 4100
1662 1670 1671 1672
1745 3212 3346 3347 3378 3501 3632 4085 4086 4853 4876 4877
1793 2437 3488 3752
1871 2310 2311 2385
1963 2674 2852 4016 4154 4633 4701
1966 2162 2279 3232
780 2184 2191 2789 4638 4765 4882
2137 2138 2688 3127
2156 2910 3253 3254 3255 3256 3262
2407 2408 2409 2410
1817 1844 1964 2454 3051 3250 3485 3672 3673 3842 4712
1439 4761 4779 4781 4789 4913
2751 3195 3671 3757 3758 3874 4400
2869 3045 3835 3836
3317 3341 3342 4921
3561 4917 4918 4919
3570 3902 4993 4994
3695 3916 3966 4878
3995 3996 3997 3998 3999
