1 2 8 10 11 14 15 26 28 176 178 179 180 355 443 2266 2269 3506 3536
3 170 351 444 882 2182 2271
18 19 404 2061 2517
21 417 939 1967
29 39 54 69 109 475 493 555 556 585 590 591 1287 1438 1510 1526 1527 1828 1939 2214 3344
30 52 56 995 2551
34 120 174 401
36 101 605 3904
40 42 57 60 73 150 1432
41 47 631 754 1865
48 49 50 51 65 118 254 255 535 1403 2079
64 523 529 663 664 1477 1590 2217 2842
67 1960 1965 1966 2066 3847
70 191 192 193 194 205 206 207 208 209 210 211 212 476 601 643
71 518 568 570 607 717 930 949 952 962 1060 1462 2484
72 89 139 144 582 965 1339 1502 1691 2593 2843
660 1123 1277 1307 1308 1488 2099 2107 2200 2727
78 79 80 679 1548
81 536 537 659 720 721 862 1625 1940
84 85 137 753
90 1186 3411 3818
91 655 933 1657 1659 1671
92 617 618 893 928 953 954 1148 1149 1195 1426 1454 1558 1572 1601 1616 1784 1872 1937 2423 2488 2600 2601 2602 2603 2748 2828 2930 3035 3041
99 1018 1057 2256 2257
103 872 932 935 1293 1668 1670 1704 3139
104 119 1291 3019 3143
105 531 616 619 629 755 756 878
592 1134 1578 1808 1811
110 396 677 685 2003 2004 2005
115 289 291 292 293
117 505 518 694 732 845 944 1165 1456 1714 1875 1907 2555 2649 2933 2934 3319
122 181 283 693 697 803 836 860 1190 2589
124 132 134 153 847 1298 1976
138 1435 1612 2816 4245
141 837 2248 2570 2689 2728 2809 2813
143 1112 1956 2074 2949 3056
145 236 448 809 2055
146 147 572 1014 1042
157 1539 1987 1988 1989
158 2205 2744 2775 3353
183 188 545 546 547 652 874 1041 1305 1373
184 425 427 432 433 434 437 438 439 650 967 1201 1255 1749
195 196 237 238 241 242 243 300 600 771 1282 2429
197 198 199 200 201 609 715 1482
213 214 301 306 307 309 313 345 463 464 554 902
217 507 1650 2418
221 658 705 1341 2576 2907 3213 4219
222 223 224 225 226 232 1481 1949
233 580 584 2598
235 303 381 451
245 358 2228 2492
246 247 248 249 250 251 252 253 573 2553
1019 1020 1821 1879 3000
282 2636 2637 3022 3835
285 286 1318 1715
287 969 970 3879
288 503 544 724 796 1039 1133 1252 1897 1928 1930 1935
297 593 1033 1155 1163 2680 2859
298 302 346 370 373 375 377
316 352 637 639 640 642 651 689 825 827 940 941 1320 1878 2983
382 386 1290 1724 1772 2098 2187 2864 4058 4059 4060 4061
388 389 390 391 392 393 394 395 924 925 926 2032 2188 2189 2607
461 1051 1053 1870 2043
468 1283 1284 2277
470 491 492 494 495 508 1285 1310 1573 1594
498 499 1043 1068 1069 1973 2498 2651 3670
479 541 610 1181 1434
488 1044 1072 1078 1079 1080 2223 2224 2225 2988
496 497 905 906 907 908 909 910 987 1003 1261 1959 2154
501 680 1205 1207 1208
502 597 1127 1128
510 578 900 901 999 1013 1097 1098 1099 1100 1101 1141 1160 1982 3006
532 533 1008 1010 1209 1280 1353 1358
564 1029 1031 1032
581 811 1445 1863
594 595 656 657 1216
611 738 739 1259 1260 2915
744 4284 4285 4337 4339 4349 4350 4351 4352 4353
625 1468 1706 1712 2006
636 644 1857 3007 3986
668 1077 1418 3592 4309
670 671 1289 1951
673 674 1262 3474 3805
713 714 1021 1962 1963
742 743 1349 1576 2917 3060 4362
747 748 2041 2726
632 1503 2681 2821
766 795 1617 2509 2922
767 857 1618 1709 2777 2778 2779
777 778 779 780 835 1882 2575 3067 3885
790 799 1359 2850
816 817 818 4217
828 829 830 2113 2114 2311 2312 3300 3335
870 871 972 2799
895 896 897 3483
916 1635 2606 2802 3078 3570
931 1647 1648 1649
957 1106 1107 1109 2103 2127 2367
959 961 1609 2503
966 1605 2810 2811 2937
1064 1065 1066 1067 1070 1071 2261 3565
1083 2001 3169 3170 3277 3872 3873
1103 1104 1105 2166 2518
1111 1113 1114 1115 1116 1117 1118 1487 1708 1761 1812 2072 2073 2785 2786 3419 3679
1135 1193 1744 2023 2388 3070 3276
1145 1146 2714 2825 3045
1215 3729 3808 3928 4314 4315
1929 1931 1932 1933
1351 2012 2713 2869
1372 2486 2487 2999 3587
1437 1975 2021 2177 2178 2179
1568 1569 1570 2057 2265 2504 2505 2506 2507 3011 3769 3890 4117
1801 1803 1804 2345 2399 2403 3774
2076 3198 3633 3634 3635
2078 2201 3278 3279 3921
2329 2424 2541 2881
2376 2695 2696 2697
2405 3201 3494 3869
2419 2420 2724 3608
2454 3447 3567 3795 3851
2679 3172 3173 3192 3193
2704 2806 2807 2840
2734 3177 3214 3215
3101 3102 3108 3109
4124 4125 4126 4287
