1 2 4 5 6 7 8 9 10 11 14 15 16 20 25 26 27 28 31 32 34 170 172 173 174 175 176 177 178 179 182 355 356 357 359 443 1924 2266 2269 2270 3506 3536
3 9 32 33 351 444 882 980 1924 2016 2182 2268 2271 2419 2420 2724 2725 3608 3746 3902
18 19 20 21 95 96 270 271 272 404 406 407 408 411 412 413 414 820 1790 1831 1833 2061 2517
21 263 264 273 274 275 418 419 421 1154 1175 1176 1507 2298 2299 2443 2523 2524 2526
29 30 39 43 44 52 54 55 57 69 107 109 470 475 479 480 491 492 493 494 495 508 509 555 556 585 590 591 603 610 620 1035 1285 1287 1310 1323 1347 1356 1376 1434 1435 1438 1510 1525 1526 1527 1594 1766 1828 1939 1940 2214 2803 2839 3010 3344
36 80 101 398 471 472 569 570 605 640 690 703 707 717 832 833 949 962 1059 1060 1061 1132 1462 1714 1839 1894 1895 2446 2477 2984 3359 3367 3583 3904
37 38 184 425 426 427 428 429 430 431 432 433 434 435 437 438 439 440 448 458 526 773 883 899 967 1198 1199 1200 1201 1255 1684 1749 2254
40 42 57 60 73 150 807 1302 1432 1433 1528 1817 2421 2872 3305
41 47 631 754 788 1865 3020
45 46 1496 2040 2415 4232
56 727 737 805 840 988 989 990 991 992 994 995 1004 1006 1152 1210 1211 1403 1453 1464 1910 2285 2286 2551
48 49 50 51 68 254 255 977 1173
59 1298 1957 2222 2458 2737
61 1018 1505 1614
62 290 471 472 608 640 690 691 778 779 835 880 963 1150 1557 1882 2405 2575 3869
64 89 203 523 663 664 1477 1590 2217
66 2489 2490 2708 3512 4173 4174
67 714 1960 1962 1964 1965 1966 2066 3847
70 191 192 193 194 205 206 207 208 209 210 211 212 476 553 601 643
71 92 101 117 505 518 565 566 567 568 569 570 607 617 621 692 694 699 701 703 710 711 717 725 726 732 772 797 832 845 892 928 929 930 944 945 949 951 952 953 954 962 1059 1060 1061 1084 1148 1149 1195 1342 1421 1425 1426 1440 1462 1616 1714 1784 1839 1875 1894 1895 1907 1908 1943 2423 2431 2484 2536 2554 2555 2828 2841 2930 2931 3319 3359 3583
72 139 144 159 582 584 964 965 1339 1502 1612 1691 2593 2843
74 76 106 1509
660 1122 1123 1277 1279 1307 1308 1488 2099 2106 2107 2200 2727 3588
78 79 80 92 100 101 398 471 472 518 525 569 622 638 640 658 679 700 703 710 717 725 732 827 845 903 944 949 1059 1060 1061 1148 1149 1195 1321 1342 1456 1462 1548 1616 1688 1714 1839 1854 1873 1875 1908 1916 1943 2087 2284 2287 2423 2431 2466 2530 2649 2748 2930 2933 2983 3359 3360 3583
82 116 1094 3058
83 733 1364 1430 1614 1650 1736 1903 1904 1905 1906 2354 2502 2750 3339 3340 3469
84 85 137 165 552 753 2010 2491 2757 2854
90 1186 3411 3818
91 655 1407 1657 1659 1668 1671
92 518 519 617 618 717 845 893 915 944 949 953 1089 1149 1454 1462 1572 1600 1601 1616 1688 1784 1839 1872 1875 1937 2027 2423 2488 2600 2601 2602 2603 2828 2930 3035 3041 3351 3360
99 1057 1770 2256 2257
102 113 293 986 3410 3412 3413
103 648 872 932 987 1086 1293 1295 1670 1704 1706 3139
105 140 531 616 619 629 754 755 756 878 1458 3267
592 851 1035 1134 1578 1807 1808 1811
110 277 396 606 677 685 2003 2004 2005 2055
112 666 968 1309 1892 2132 4177
115 289 291 292
124 132 134 153 847 1976 3511
126 133 136 2008 2960
128 138 964 2816 2826 2837
152 510 512 513 578 900 999 1012 1013 1093 1097 1098 1099 1100 1101 1102 1141 1142 1160 1982 3006
141 147 837 890 891 2248 2249 2570 2689 2728 2809 2813 3577 3994
143 1112 1956 2074 2949 3056
450 460 505 699 1456 1686 1983 2361 2646 2649
146 184 428 440 572 611 738 739 1014 1042 1088 1259 1260 1862 2915
155 156 1119 1120 1121
157 1539 1987 1988 1989
158 2157 2205 2744 2775 3353 3871
167 168 1459 2939 2982
111 119 183 188 545 546 547 549 652 773 848 849 874 1030 1041 1055 1276 1305 1306 1373 2210
195 196 237 238 240 241 242 243 300 309 771 826 1282 2429
197 198 199 200 201 202 609 715 1482 1792 2658 2947
213 214 301 304 305 306 307 310 313 345 463 464 554 612 681 902 1728
221 705 709 1309 1341 1491 1714 2576 3213 4219
222 223 224 225 226 232 624 716 934 1371 1480 1481 1853 1947 1949 3343
227 713 1021 1887
233 580 582 583 584 2577 2579 2593 2598
244 346 364 365 368 371 372 373 375 376 377 380
246 247 248 249 250 251 252 253 532 533 577 687 688 821 996 1001 1008 1010 1156 1209 1212 1214 1280 1297 1353 1358 1390 1397 1535 2553
386 456 548 865 866 1049 1050 1340 1362 1993 1994 1996 3019 3618
262 797 873 975 981 1597 1598 3843
278 1091 1092 2705
282 2636 2637 3022 3336 3445 3446 3672 3835 3836 4313
122 181 283 481 482 802 803 819 824 836 860 1090 1169 1170 1171 1172 1184 1185 1187 1188 1189 1190 1191 1215 1328 1447 1663 1698 2028 2416 2425 2473 2622 3729 3808 3928 4258 4314 4315
286 288 354 446 466 467 503 504 520 563 570 608 630 649 772 791 793 796 797 915 1016 1038 1039 1132 1478 1586 1850 1872 1897 1898 1935 1937 3359 3668 4293 4350 4352
287 969 970 3879
295 918 1052 1053 2754
6 296 367 371 380 614 881 2199
297 593 1033 1155 2639 2680 2859
316 352 399 524 637 638 639 640 642 651 679 689 825 827 903 940 941 1320 1321 1878 2983 4319
350 871 1313 2313
369 1968 2064 2438 3004 3030
382 384 1290 1469 1724 1772 2098 2187 2864 3857 4058 4059 4060 4061
388 389 390 391 392 393 394 395 924 925 926 2032 2188 2189 2607
563 1029 1031 1314 1422 1423 1950 2143 3073 3402 3753 3895
461 748 1051 1052 1053 1870 2043 2726
468 604 1278 1283 1284 1517 2277
478 498 499 1043 1068 1069 1973 2498 2651 3670
485 621 622 725 845 1047 1048 1060 1165 2466 3966 4279
488 829 1044 1064 1065 1066 1067 1071 1072 1078 1079 1080 2223 2224 2225 2261 2988
496 497 905 906 907 908 909 910 1003 1045 1261 1959 2154
500 1203 2053 3447 3567 3735 3795
501 680 682 683 684 757 921 962 1205 1207 1208 1333
502 597 598 1127 1128
516 676 1915 2453 3602 3677 3678 4292 4363
517 673 1178 1179 1236 1801 1990 1991 2206 2338 2652 2653 2655 3486 3752 3754 3774 3863 4280
536 721 913 984 1275 1656 1992
538 542 558 559 588 589 669 721 862 864 1507 1602 1603 3092 3093 3094 3095 4226
541 2121 2909 3877
503 544 724 1032 1133 1252 1253 1928 1929 1930 1931 1932 1933
550 551 912 1192 1466
561 562 563 564 794 877 3533
573 575 1498 1499 3521
581 811 1445 1863 3661 4193
594 595 657 806 1216 1493
615 744 1896 2125 2297 2621 3710 4284 4285 4337 4339 4345 4348 4349 4350 4351 4352 4353
623 632 854 1311 1312 1368 1369 1693 1842 2681 2686 2699 2812 2821
625 933 1468 1705 1707 1712 1815 2006 2325
636 644 1771 2030 2485 3986
707 831 832 903 1321 1538 1880 2232
653 948 1408 1409
424 668 1077 1418 1781 2533 3592 4309
670 671 1289 1951
712 1021 1023 3183
728 1436 1615 2144 2614 2615
740 768 971 1582 1626 2240 2241 2707
742 743 1349 1576 2917 3060 4362
745 746 1063 2793 3214 3558 3559 4009
766 767 795 857 858 1046 1617 1618 2113 2509 2660 2776 2777 2778 2779 2922 2923 2924
776 1588 2979 3212
777 778 779 780 835 1150 1557
790 799 1359 2850 3632
816 817 818 2910 4217
828 830 2114 2311 2312 3300 3335
870 966 972 973 1605 2799 2810 2811 2937
886 1331 1351 1952 2012 2713 2758 2869 3027 3049 3050 3051 3596
895 896 897 3482 3483 3750
916 1135 1222 1635 1744 1953 1954 2388 2389 2606 2802 3038 3078 3276 3570 3589
922 923 1638 1639 1640 1641 1710 2892
931 1647 1648 1649 1651 1788
943 1273 1274 1413 1631 2214 2218 2573 2808 2833 2834
947 1901 2109 2111
959 960 961 1608 1609 1689 2503
577 901 996 997 998 1000 1007 1087 1138 1156 1213 1214 1233 1281 1297 1298 1563 1564 2528 2604 2706 2762 2858
1002 2191 2867 3571
1009 1011 1350 2196 3522
1073 1075 1076 1124 1125 3291
1083 1377 1580 2001 2078 2201 3169 3170 3277 3278 3279 3872 3873 3921
1103 1105 1108 2166 2518
1104 1106 1107 1109 2103 2127 2367
1111 1113 1114 1115 1116 1117 1118 1226 1487 1708 1761 2072 2073 2785 2786 3419 3679
1129 1130 1140 1230 1231 1232 1490 1786 2216
1137 2891 3350 4260
1145 1146 2714 2825 3045
1217 1361 3268 3478
1372 1561 1562 2486 2487 3105 3587 3597
1382 1383 1384 2926 3075 3086 3270
1400 1675 2693 3091
1437 2177 2178 2179
1441 1677 2065 2616 3072
1474 1740 2597 2855
1549 1550 1552 1553
1568 1569 1570 2057 2142 2504 2505 2507 3011 3769 3890 4117
1585 1768 2450 2675
1642 1643 1644 1780 2314 2823 4327
1711 2814 2815 2822
1713 2140 2207 2691 2692 3079
1716 1718 1918 1919 1921
1794 1795 1961 4326
1997 2357 2358 2806 2807
2038 2039 2783 3184 3185 3231 3760 4111
2076 2663 3198 3633 3634 3635
2091 2406 3508 3509 3510
2198 2329 2541 2881
2376 2695 2696 2697
2436 2437 3324 3569
2557 3087 3171 3766 3926 4011
2679 3172 3173 3192 3193
2702 2871 2887 2987 3376 4341
2761 3296 3298 3299
3342 4113 4165 4211
3098 3717 3718 4134
