1 2 4 5 6 7 8 9 10 11 14 15 16 17 20 21 23 25 26 27 28 31 32 34 95 120 170 172 173 174 175 176 177 178 179 180 181 182 267 271 353 354 355 356 357 358 359 360 361 371 380 401 443 445 654 867 881 1019 1020 1176 1702 1778 1879 1924 2122 2199 2233 2266 2269 2270 2275 2868 3506 3536 3539 3675
3 4 6 9 32 33 173 175 351 360 444 882 980 1020 1924 2016 2122 2182 2183 2268 2271 2419 2420 2724 2725 3608 3746 3902
349 357 421 1180 1666 1993 1996 2052
18 19 20 21 23 95 96 121 174 265 267 270 271 272 275 404 405 406 407 408 411 412 413 414 417 419 421 820 955 980 1019 1176 1778 1790 1831 1832 1833 1924 1925 1967 2061 2173 2298 2442 2517 3505 3506
21 263 264 271 273 274 275 417 418 419 421 813 1154 1175 1176 1507 2296 2298 2299 2440 2443 2523 2524 2525 2526 3751
29 30 39 43 44 47 52 54 55 57 69 107 109 144 152 216 302 469 470 471 475 479 480 491 492 493 494 495 508 509 510 555 556 578 579 585 590 591 599 603 610 620 641 665 754 756 775 823 850 901 943 964 991 994 1013 1024 1035 1097 1099 1101 1126 1134 1267 1274 1285 1287 1310 1311 1312 1323 1329 1346 1347 1356 1376 1434 1435 1438 1453 1510 1525 1526 1527 1573 1594 1625 1627 1669 1766 1806 1828 1849 1883 1906 1939 1940 2086 2214 2215 2219 2236 2249 2252 2452 2699 2803 2839 2843 2845 2877 3010 3246 3344 3574
36 80 101 398 471 472 569 570 605 640 690 703 707 717 832 833 949 962 1059 1060 1061 1132 1462 1714 1839 1894 1895 2446 2477 2984 3359 3367 3583 3904
37 38 184 425 426 427 428 429 430 431 432 433 434 435 437 438 439 440 448 458 526 773 883 899 967 1198 1199 1200 1201 1255 1684 1749 2254
40 42 47 57 60 73 75 144 150 737 756 807 964 1250 1302 1339 1432 1433 1434 1502 1525 1528 1646 1695 1817 2212 2421 2593 2843 2872 2877 3305 3574 3799
41 47 631 754 788 1865 3020
45 46 114 134 536 1496 1992 2040 2415 4232
56 57 58 579 727 737 805 840 864 988 989 990 991 992 993 994 995 1004 1005 1006 1139 1152 1210 1211 1232 1332 1402 1403 1435 1453 1464 1471 1494 1910 2285 2286 2514 2551 2717 3048 3380
48 49 50 51 65 68 118 254 255 294 535 869 977 1173 1402 2079 3465 3857 3862 3957
59 1298 1957 2222 2458 2737
61 1018 1505 1614
62 290 471 472 608 640 690 691 778 779 835 880 963 1150 1557 1882 2405 2575 3869
64 89 184 199 203 381 427 428 470 523 529 650 663 664 754 1477 1573 1590 2217 2254 2842 2877 3135 3290
66 1591 2489 2490 2708 3512 3606 4173 4174
67 713 714 1825 1960 1962 1964 1965 1966 1969 1970 2066 2133 3183 3847
70 107 191 192 193 194 205 206 207 208 209 210 211 212 216 469 476 507 553 601 603 634 643 646 850 887 1312 1440 2418 2699 3671
71 92 101 117 505 518 520 565 566 567 568 569 570 603 607 608 617 621 641 679 684 692 694 699 701 703 710 711 717 725 726 732 772 797 832 845 892 928 929 930 944 945 949 951 952 953 954 962 1059 1060 1061 1084 1148 1149 1195 1334 1342 1421 1425 1426 1440 1456 1462 1557 1616 1688 1714 1784 1839 1875 1894 1895 1907 1908 1943 1983 2423 2431 2466 2484 2536 2554 2555 2649 2828 2841 2930 2931 3319 3359 3360 3583
72 139 144 159 582 584 964 965 1339 1502 1612 1646 1691 1899 2593 2837 2843
74 75 76 77 106 1509 2307 2457 2877 2906 3574
510 577 659 660 721 763 764 984 993 996 1013 1025 1054 1122 1123 1138 1139 1156 1232 1277 1279 1281 1297 1307 1308 1488 2099 2106 2107 2200 2208 2260 2727 2897 3588 4216
78 79 80 92 100 101 398 471 472 518 525 569 622 638 640 658 679 700 703 710 717 725 732 827 845 903 944 949 1059 1060 1061 1148 1149 1195 1321 1342 1456 1462 1548 1616 1688 1714 1839 1854 1873 1875 1908 1916 1943 2087 2284 2287 2423 2431 2466 2530 2649 2748 2930 2933 2983 3359 3360 3583
82 116 574 1094 3058 3098 3728
83 217 733 1364 1430 1521 1614 1650 1736 1903 1904 1905 1906 1911 2354 2418 2502 2594 2735 2750 3285 3339 3340 3469 3974
84 85 137 165 552 672 753 806 838 879 912 1493 2010 2491 2757 2845 2854 2927
87 1341 1696 3423
90 1186 2993 3411 3818
91 626 654 655 1407 1657 1658 1659 1661 1668 1671 2455 2666 3776 3777
92 117 505 518 519 617 618 621 694 699 700 701 707 717 732 832 844 845 892 893 894 915 928 944 949 953 1060 1061 1089 1147 1148 1149 1195 1334 1454 1462 1558 1572 1600 1601 1616 1662 1688 1714 1784 1839 1872 1875 1907 1908 1923 1937 2027 2423 2488 2554 2555 2588 2600 2601 2602 2603 2828 2930 2933 3035 3041 3273 3351 3359 3360 3583
99 1057 1059 1770 2256 2257 3197
102 113 151 293 986 1911 3410 3412 3413
103 626 647 648 872 932 935 987 995 1004 1086 1131 1264 1293 1294 1295 1421 1453 1551 1670 1704 1706 2514 3139 3329 3776 3777
105 140 531 616 619 629 754 755 756 878 1458 1690 1865 1937 2252 3267
107 592 851 1035 1134 1220 1318 1323 1578 1807 1808 1811
110 145 235 236 261 277 303 315 381 387 396 400 423 605 606 628 677 685 686 809 1132 1463 1686 2003 2004 2005 2055 2273 2330 2477 2984
112 666 968 1309 1892 2132 4177
115 289 291 292 1132 2181 2446 3135
124 132 134 153 847 1298 1976 2046 3511 3523
125 505 617 678 694 726 732 885 944 1148 1195 1462 1559 1616 1784 1839 1875 1908 2365 2828 3319
126 133 136 2008 2293 2960 3101 3102
128 138 864 964 1356 1435 1502 1505 1612 1669 1806 2769 2816 2826 2837 4245
152 510 512 513 578 862 900 901 984 999 1012 1013 1093 1097 1098 1099 1100 1101 1102 1129 1138 1139 1141 1142 1160 1230 1232 1233 1982 2026 2108 2997 3006
141 147 184 199 425 428 437 528 837 838 890 891 1285 1346 2248 2249 2254 2570 2689 2728 2809 2813 3577 3994
143 1112 1114 1812 1956 2074 2949 2951 2977 2997 3056
145 450 460 505 699 784 1456 1686 1983 2361 2646 2649
146 184 199 425 427 428 431 432 437 440 528 572 611 738 739 838 1014 1042 1088 1259 1260 1395 1463 1628 1862 2208 2254 2345 2398 2915
148 718 2506 2976
149 2505 2884 3011 3013 3813
155 156 662 1119 1120 1121 1125 1129 1516 3541
157 1539 1987 1988 1989
158 1336 2026 2157 2205 2744 2765 2766 2775 2941 3353 3871
167 168 587 920 1459 2863 2938 2939 2982 3136 3137 3138 4118
111 119 183 188 354 398 425 426 427 431 432 436 438 439 503 504 545 546 547 549 563 565 568 569 570 608 649 652 772 773 774 796 848 849 874 883 1030 1031 1040 1041 1055 1056 1198 1255 1276 1291 1305 1306 1373 1410 1411 1495 1895 1897 1898 2210 2211 3143
195 196 237 238 239 240 241 242 243 300 302 305 308 309 454 465 599 600 602 771 806 826 850 1034 1282 1728 2429 2444
197 198 199 200 201 202 528 609 715 785 883 884 1019 1020 1301 1411 1482 1792 1793 1879 1995 2344 2596 2658 2947 3000 3917
213 214 301 302 304 305 306 307 308 310 311 313 345 347 454 463 464 465 504 554 565 568 599 600 602 603 612 681 902 912 1728 1767 1848 2031 2444 2927 3491
216 221 471 634 645 658 705 709 951 1309 1341 1491 1714 2431 2576 3213 4219
222 223 224 225 226 232 624 666 716 722 804 875 934 1256 1286 1301 1371 1392 1480 1481 1698 1826 1853 1885 1947 1949 2326 2477 2596 2845 3343 4177
227 713 1021 1887
228 229 1189 1698 2425 2622
230 596 942 1686 1983
233 580 582 583 584 2577 2579 2593 2598
244 245 298 346 364 365 368 370 371 372 373 374 375 376 377 378 379 380 1176 2199 2300 2302 2303 2628 3513 3539 3757
246 247 248 249 250 251 252 253 511 532 533 577 579 687 688 821 901 996 997 1001 1007 1008 1010 1087 1138 1156 1209 1212 1213 1214 1233 1280 1281 1297 1298 1299 1353 1355 1357 1358 1365 1390 1397 1402 1535 1779 2259 2553 2737 2762 2886 2888 3240
256 258 259 348
257 2164 2165 3104 4323
385 386 456 548 697 844 865 866 1049 1050 1340 1362 1993 1994 1996 3019 3618
262 479 614 622 797 798 873 975 981 1149 1334 1597 1598 1923 1943 2638 2963 3840 3843
278 622 786 1021 1091 1092 2705 2746 3374 3581
280 284 286 804 1715
282 2016 2454 2636 2637 3022 3336 3445 3446 3672 3835 3836 3851 4313
122 181 283 285 286 481 482 697 802 803 804 819 824 836 856 860 866 1049 1050 1090 1149 1169 1170 1171 1172 1184 1185 1187 1188 1189 1190 1191 1215 1228 1318 1328 1354 1392 1415 1447 1663 1698 1715 1758 1993 1994 2027 2028 2416 2425 2471 2473 2514 2589 2591 2622 3288 3684 3729 3741 3808 3928 4258 4314 4315
286 288 354 446 466 467 503 504 520 563 570 608 630 649 772 791 793 796 797 915 1016 1038 1039 1132 1478 1586 1850 1872 1897 1898 1935 1937 3359 3668 4293 4350 4352
287 969 970 1341 1342 1565 3423 3424 3879
295 918 1052 1053 2754
6 296 353 367 371 380 614 868 881 1176 2199
297 593 785 851 1033 1155 1161 1163 1220 1415 1620 2169 2622 2639 2680 2859 2873
316 352 399 471 472 524 637 638 639 640 641 642 651 658 679 689 690 707 708 710 711 725 825 827 832 903 928 940 941 1082 1320 1321 1322 1462 1556 1878 2431 2907 2983 3825 4319
350 871 1313 2298 2313
172 369 881 1159 1964 1968 1970 1971 2064 2067 2133 2170 2438 2638 3004 3030 3249 3623 3916 3924 4135
382 383 384 385 387 1290 1362 1431 1469 1511 1724 1772 2098 2187 2335 2864 3857 4058 4059 4060 4061
388 389 390 391 392 393 394 395 924 925 926 2032 2033 2188 2189 2314 2527 2607 3724 4214
426 449 563 1029 1031 1314 1422 1423 1950 2143 2190 3073 3100 3201 3402 3403 3494 3753 3869 3895
461 747 748 749 884 918 1051 1052 1053 1830 1870 2041 2043 2112 2393 2586 2726
468 604 1278 1283 1284 1517 1633 2277 2906
474 478 498 499 1043 1068 1069 1262 1973 1998 2498 2552 2651 2791 2998 3670
485 486 518 621 622 700 717 725 732 832 845 928 949 956 1047 1048 1060 1165 1462 1714 1923 1943 2466 2555 2746 3837 3966 4279
488 829 1044 1064 1065 1066 1067 1070 1071 1072 1078 1079 1080 1974 2223 2224 2225 2261 2789 2908 2988 3096 3565 3987
496 497 905 906 907 908 909 910 1002 1003 1004 1045 1261 1264 1265 1453 1959 2154 2222 2458
500 785 1203 1821 1995 2053 2454 3447 3567 3735 3795 3851 3852
80 501 679 680 682 683 684 726 757 921 962 1081 1205 1207 1208 1267 1333 1334 1421 1425 1883 2484 3583 3880
502 597 598 734 1127 1128 1848 1849 1873 2685 3712
506 789 2500 2501 3162
516 676 1915 2453 3602 3677 3678 4292 4363
517 673 674 1178 1179 1236 1262 1801 1802 1803 1804 1805 1990 1991 2000 2190 2206 2338 2345 2360 2398 2399 2403 2453 2546 2629 2630 2631 2652 2653 2654 2655 2806 2998 3474 3486 3752 3754 3774 3805 3863 4280
527 693 1447 2112 2885
536 537 720 721 913 984 1275 1625 1656 1992 3113
537 538 542 558 559 588 589 669 721 862 864 1435 1507 1602 1603 2577 2818 3092 3093 3094 3095 4226
541 1434 2121 2909 3877
503 544 563 613 724 1031 1032 1039 1133 1252 1253 1254 1897 1928 1929 1930 1931 1932 1933 1934 1935 2743 3358 4092
550 551 806 879 912 1192 1466 1493 1767 2120 2124 2444
561 562 563 564 773 774 794 877 1031 2031 2564 3533
573 575 1485 1498 1499 1779 3521 4264
580 581 582 583 811 1444 1445 1863 3285 3661 4193
594 595 656 657 806 879 1216 1493 2685 2927 3712
467 504 565 570 608 615 744 772 773 791 868 1016 1895 1896 2125 2297 2303 2621 3061 3668 3710 4283 4284 4285 4337 4339 4345 4348 4349 4350 4351 4352 4353
623 632 765 823 854 1126 1311 1312 1368 1369 1503 1577 1693 1842 1892 2594 2681 2686 2699 2812 2820 2821 2845 2937 2951
625 626 647 933 1468 1705 1707 1712 1815 2006 2325 2455 3714 3776 3777
635 636 644 696 810 950 1684 1771 2030 2279 2485 3986
707 831 832 903 1321 1538 1880 2232
653 654 948 1408 1409
424 668 672 1077 1418 1463 1781 2330 2533 2736 2789 2928 3592 4309
670 671 1289 1951
712 713 961 1019 1020 1021 1023 3183
728 885 904 1159 1436 1461 1615 1674 1970 1975 2021 2095 2144 2145 2180 2614 2615
729 731 2818 3124
740 768 971 1582 1626 1779 2240 2241 2707
742 743 785 1255 1349 1576 2776 2778 2917 3060 4362
745 746 918 1052 1063 1702 2041 2793 3214 3558 3559 4009
765 766 767 795 857 858 1024 1046 1475 1617 1618 1709 1946 1984 2112 2113 2509 2550 2660 2776 2777 2778 2779 2922 2923 2924 2998 3662
776 1588 2837 2979 3212
777 778 779 780 835 1150 1557
790 799 1264 1359 1595 2385 2850 3632
792 1715 1824 3431
816 817 818 2736 2910 2928 3203 4217 4218
828 830 2114 2311 2312 3300 3335 3705 3987
870 966 972 973 1589 1605 2799 2810 2811 2937
886 1331 1351 1890 1892 1952 2012 2713 2758 2869 3027 3032 3049 3050 3051 3596 4216 4239
895 896 897 1158 1825 3482 3483 3750
916 998 1135 1222 1357 1635 1744 1953 1954 2022 2023 2080 2149 2152 2388 2389 2548 2606 2802 2873 3038 3070 3078 3276 3570 3589
922 923 1638 1639 1640 1641 1710 2892
931 1647 1648 1649 1651 1652 1788
943 1273 1274 1413 1631 2214 2218 2573 2808 2833 2834
947 1901 2109 2111 4264
778 835 852 959 960 961 1147 1150 1557 1608 1609 1689 1882 1883 1975 2095 2503 3067
985 1348 1591 2404 2405 3289 4164
577 901 996 997 998 1000 1007 1087 1138 1156 1213 1214 1233 1281 1297 1298 1563 1564 2528 2604 2706 2762 2858
1002 2191 2867 3571
1001 1009 1011 1156 1270 1271 1298 1350 1955 2196 3522
579 991 993 1005 1028 1453 1516 1855 1881
510 579 901 991 993 1005 1013 1073 1074 1075 1076 1124 1125 1214 1233 1365 1516 3290 3291
1083 1377 1580 2001 2078 2201 2555 2556 3169 3170 3277 3278 3279 3872 3873 3921
1103 1105 1108 2166 2518 3600
957 958 1104 1106 1107 1109 1375 1797 2073 2103 2127 2367 3467
1111 1113 1114 1115 1116 1117 1118 1226 1227 1487 1708 1761 1812 2072 2073 2785 2786 3419 3679 3821
1093 1129 1130 1138 1139 1140 1230 1231 1232 1233 1281 1354 1401 1490 1786 1789 2216 3541
1137 2891 3349 3350 4260
1145 1146 1262 1805 2360 2403 2714 2825 3045 3474 3805
1166 3151 3152 3283 4215
1168 1406 1826 1853 1948
1217 1361 1754 1899 2239 2842 3268 3478 3572
1372 1394 1560 1561 1562 2469 2486 2487 3105 3587 3597
1382 1383 1384 2449 2736 2926 2928 3075 3086 3270
1400 1675 2693 2886 2888 3048 3091 3144
885 1437 1461 1975 2021 2118 2161 2162 2177 2178 2179
1441 1677 1825 1964 1972 2065 2068 2075 2133 2180 2616 3072
1474 1740 1865 2597 2855 4166
1500 1501 1554 1555 1827
1322 1520 1610 1611
1310 1549 1550 1552 1553
1568 1569 1570 2057 2142 2219 2265 2504 2505 2506 2507 3011 3195 3607 3769 3813 3890 4117 4311 4312
1585 1606 1698 1768 2273 2450 2618 2675 3870
1642 1643 1644 1645 1780 2314 2823 4327
1711 1721 2814 2815 2822
1713 2140 2207 2691 2692 2765 2776 2778 2941 3079
1716 1718 1918 1919 1921 2762
568 569 1743 3023 3334
1783 1866 2392 2842
1794 1795 1961 1967 3000 4326
1796 2046 3149 3281 3282
713 904 1157 1834 1963 1967 3000 3749
1997 2355 2357 2358 2496 2529 2704 2723 2801 2806 2807 2840 3005 3321 4196
2018 2019 2020 2022 2023
2038 2039 2783 3184 3185 3231 3760 4111
2076 2663 3198 3633 3634 3635
2091 2406 3508 3509 3510
2198 2329 2424 2541 2794 2881 3253
2291 2292 2847 3513
1025 2975 3204 4008
2376 2695 2696 2697
2412 2649 3226 3429 3479
2436 2437 3324 3569
2557 3087 3171 3766 3926 4011
2568 2569 2756 3101 3102 3108 3109 3195 3312
2679 3172 3173 3192 3193
2702 2871 2887 2987 3376 4341
2761 3295 3296 3298 3299 4250
2935 2936 3200 3201
3342 4113 4164 4165 4211
3098 3717 3718 4134
2552 4124 4125 4126 4287
