0.100000 1.000000 0.750000 0.368444 0.320000 0.673690 0.429860 138
0.100000 1.500000 0.750000 0.364777 0.315836 0.675507 0.426946 131
0.100000 2.000000 0.750000 0.370911 0.321092 0.680841 0.432828 125
0.100000 2.500000 0.750000 0.371077 0.324138 0.676205 0.433269 121
0.100000 3.000000 0.750000 0.369730 0.322515 0.675358 0.431840 119
0.100000 3.500000 0.750000 0.369463 0.323378 0.674850 0.432012 118
0.100000 4.000000 0.750000 0.369227 0.323988 0.670764 0.431318 117
0.100000 4.500000 0.750000 0.373537 0.326617 0.676099 0.435306 115
0.100000 5.000000 0.750000 0.371884 0.324759 0.678093 0.434263 115
0.100000 5.500000 0.750000 0.374569 0.326797 0.682861 0.437234 114
0.100000 6.000000 0.750000 0.374636 0.326776 0.683541 0.437396 114
0.100000 6.500000 0.750000 0.374776 0.326039 0.684141 0.437249 114
0.100000 7.000000 0.750000 0.373729 0.324918 0.685465 0.436621 114
0.100000 7.500000 0.750000 0.372576 0.323432 0.684483 0.435299 114
0.100000 8.000000 0.750000 0.372357 0.323043 0.684639 0.435071 114
0.100000 8.500000 0.750000 0.372137 0.322652 0.683138 0.434492 114
0.100000 9.000000 0.750000 0.372448 0.323009 0.683709 0.434894 113
0.100000 9.500000 0.750000 0.372588 0.321508 0.684836 0.434513 113
0.100000 10.000000 0.750000 0.373269 0.322185 0.686981 0.435536 112
0.100000 10.500000 0.750000 0.373269 0.322185 0.686981 0.435536 112
0.100000 11.000000 0.750000 0.373269 0.322185 0.686981 0.435536 112
0.100000 11.500000 0.750000 0.371600 0.320670 0.686067 0.434010 112
0.100000 12.000000 0.750000 0.372679 0.317621 0.688832 0.433630 111
0.100000 12.500000 0.750000 0.373018 0.314836 0.692924 0.433344 109
0.100000 13.000000 0.750000 0.371075 0.311718 0.693044 0.431183 108
0.100000 13.500000 0.750000 0.371075 0.311718 0.693044 0.431183 108
0.100000 14.000000 0.750000 0.371075 0.311718 0.693044 0.431183 108
0.100000 14.500000 0.750000 0.371075 0.311718 0.693044 0.431183 108
0.100000 15.000000 0.750000 0.371075 0.311718 0.693044 0.431183 108
0.100000 15.500000 0.750000 0.371075 0.311718 0.693044 0.431183 108
0.100000 16.000000 0.750000 0.371075 0.311718 0.693044 0.431183 108
0.100000 16.500000 0.750000 0.371075 0.311718 0.693044 0.431183 108
0.100000 17.000000 0.750000 0.371075 0.311718 0.693044 0.431183 108
0.100000 17.500000 0.750000 0.371075 0.311718 0.693044 0.431183 108
0.100000 18.000000 0.750000 0.371075 0.311718 0.693044 0.431183 108
0.100000 18.500000 0.750000 0.371075 0.311718 0.693044 0.431183 108
0.100000 19.000000 0.750000 0.371075 0.311718 0.693044 0.431183 108
0.100000 19.500000 0.750000 0.371075 0.311718 0.693044 0.431183 108
0.100000 20.000000 0.750000 0.371075 0.311718 0.693044 0.431183 107
