0.100000 1.000000 0.750000 0.369216 0.320000 0.675398 0.430523 138
0.100000 1.500000 0.750000 0.365427 0.315836 0.676639 0.427437 131
0.100000 2.000000 0.750000 0.371237 0.321092 0.680803 0.432946 125
0.100000 2.500000 0.750000 0.371418 0.324138 0.676165 0.433393 121
0.100000 3.000000 0.750000 0.370081 0.322515 0.675317 0.431968 119
0.100000 3.500000 0.750000 0.369820 0.323378 0.674808 0.432142 118
0.100000 4.000000 0.750000 0.369587 0.323988 0.670722 0.431449 117
0.100000 4.500000 0.750000 0.373893 0.326617 0.676048 0.435433 115
0.100000 5.000000 0.750000 0.372185 0.324759 0.677991 0.434358 115
0.100000 5.500000 0.750000 0.374864 0.326797 0.682751 0.437326 114
0.100000 6.000000 0.750000 0.374917 0.326776 0.683418 0.437479 114
0.100000 6.500000 0.750000 0.375048 0.326039 0.684012 0.437328 114
0.100000 7.000000 0.750000 0.374002 0.324918 0.685336 0.436700 114
0.100000 7.500000 0.750000 0.372835 0.323432 0.684343 0.435370 114
0.100000 8.000000 0.750000 0.372616 0.323043 0.684499 0.435143 114
0.100000 8.500000 0.750000 0.372383 0.322652 0.682988 0.434556 114
0.100000 9.000000 0.750000 0.372695 0.323009 0.683559 0.434959 113
0.100000 9.500000 0.750000 0.372814 0.321508 0.684672 0.434566 113
0.100000 10.000000 0.750000 0.373496 0.322185 0.686816 0.435589 112
0.100000 10.500000 0.750000 0.373496 0.322185 0.686816 0.435589 112
0.100000 11.000000 0.750000 0.373496 0.322185 0.686816 0.435589 112
0.100000 11.500000 0.750000 0.371827 0.320670 0.685901 0.434064 112
0.100000 12.000000 0.750000 0.372888 0.317621 0.688654 0.433673 111
0.100000 12.500000 0.750000 0.373228 0.314836 0.692744 0.433388 109
0.100000 13.000000 0.750000 0.371286 0.311718 0.692863 0.431227 108
0.100000 13.500000 0.750000 0.371286 0.311718 0.692863 0.431227 108
0.100000 14.000000 0.750000 0.371286 0.311718 0.692863 0.431227 108
0.100000 14.500000 0.750000 0.371286 0.311718 0.692863 0.431227 108
0.100000 15.000000 0.750000 0.371286 0.311718 0.692863 0.431227 108
0.100000 15.500000 0.750000 0.371286 0.311718 0.692863 0.431227 108
0.100000 16.000000 0.750000 0.371286 0.311718 0.692863 0.431227 108
0.100000 16.500000 0.750000 0.371286 0.311718 0.692863 0.431227 108
0.100000 17.000000 0.750000 0.371286 0.311718 0.692863 0.431227 108
0.100000 17.500000 0.750000 0.371286 0.311718 0.692863 0.431227 108
0.100000 18.000000 0.750000 0.371286 0.311718 0.692863 0.431227 108
0.100000 18.500000 0.750000 0.371286 0.311718 0.692863 0.431227 108
0.100000 19.000000 0.750000 0.371286 0.311718 0.692863 0.431227 108
0.100000 19.500000 0.750000 0.371286 0.311718 0.692863 0.431227 108
0.100000 20.000000 0.750000 0.371286 0.311718 0.692863 0.431227 107
