1 2 3 4 5 6 7 8 9 10 11 14 15 16 25 26 28 31 34 170 173 176 177 178 179 182 349 355 357 443 2266 2267 2269 3536
351 444 882 1924 2182 2271
406 407 413 1831 1833
29 30 39 40 43 44 47 52 54 55 57 69 73 107 109 468 470 479 491 494 555 556 578 585 590 591 592 610 620 663 999 1287 1376 1399 1434 1435 1438 1510 1525 1526 1527 1828 1906 1939 2214 3344
36 101 398 525 569 1895
37 38 184 426 427 430 431 432 433 435 438 439 440 451 547 650 967 1042 1198
41 51 56 469 475 727 737 805 840 988 989 990 992 994 1006 1152 1210 1211 1403 1453 1464 2285 2286 2551 3048 3380
45 46 1496 1992 2040 2415 4232
48 49 50 65 118 254 255 977 986 1173 1783 1866 2079 2392 2808 2842 3478
62 1504 1791 2575
64 203 523 529 664 1364 1477 1590 2217 2254
66 886 2489 2490 2708 3512 4173 4174
67 548 713 714 1794 1960 1962 1964 1965 1966 1969 2066 3847
70 83 191 192 193 194 205 206 207 208 209 210 211 212 476 553 601 643 850 1882 3671
71 78 92 100 117 518 519 617 641 678 679 680 684 692 694 701 710 711 717 725 726 732 797 832 845 893 928 929 930 944 945 949 951 952 953 954 962 1059 1060 1148 1149 1195 1321 1426 1462 1565 1616 1714 1784 1839 1875 1896 2431 2484 2536 2555 2748 2841 2930 3319 3359 3360 3583
74 106 1796 2307 2457 2906 3149 3281
76 660 1123 1307 1308 2099 2200 2727
84 85 137 165 753
81 536 537 542 560 588 589 720 721 815 913 984 1275 1303 1625 1656 1917 1940 3564
82 116 574 1094 3058 3728
86 288 704 706 709 3717 3718
87 505 969 1696 3423 3879
90 1186 3411 3818
91 198 654 655 948 1086 1407 1657 1658 1659 1661 1668 1671 2455 3714 3775 3776 3777
102 113 151 966 1374 1385 1589 1911
103 872 932 1670 1947 3139
104 111 119 1928 3019
110 277 303 396 677 685 691 1288 2003 2004 2005
115 289 291 292
124 132 153 847 1298 1976 2203
503 724 1133 1252 1254
126 133 136 2008 2960
141 837 838 858 890 891 1346 1694 2248 2249 2529 2570 2689
611 1259 1260 2915
148 718 1681 2804 2976
552 2010 2491 2757 2854
155 156 1119 1120 1121
157 1516 1539 1987 1988 1989 2790 2969
158 1386 2157 2205 2744 2775 3353
167 168 586 587 647 920 1366 1459 2982
744 4284 4285 4337 4339 4348 4349 4350 4351 4352 4353
195 196 237 238 239 240 241 242 243 463 465 771 826 1282 2429
215 635 636 644 957 958 1104 1106 1107 1109 1771 1857 1858 1860 2030 2103 2127 2367 2485 3986
1521 1905 2354 3339 3340
221 705 1491 2576 3213 4219
222 223 224 225 226 229 232 234 274 405 624 666 716 1168 1286 1480 1481 1824 1826 1853 1885 1948
244 346 364 365 368 373
246 247 248 249 251 252 253 687 688 2553
273 418 421 1176 2440 2443 2526
278 1091 2705 3374 3581
282 2636 2637 3022 3336 3672 3835 3836
283 482 693 697 802 803 804 819 824 836 860 1049 1090 1169 1170 1171 1172 1184 1185 1187 1188 1189 1190 1215 1228 1698 2028 2416
295 745 746 748 918 1053 1830 2754
297 593 1033 1155 2169 2680
2064 3916 3924 4135
382 384 1290 1431 1469 1724 1772 2098 2187 2864 4058 4059 4060 4061
388 389 390 391 392 393 394 395 924 925 926 2032 2188 2189 2527 2607 3724
488 498 829 1044 1064 1065 1067 1068 1069 1071 1072 1078 1080 1268 1269 1973 1974 2000 2223 2224 2225 2261 2498 2552 2651 2988 2998 3241 3670
538 1507 3092 3093 3094 3095
496 497 905 906 907 908 909 910 1002 1003 1261 1959 2867
516 676 1915 3677 3678 4292 4363
517 673 1178 1179 1236 1800 1801 1802 1990 1991 2143 2190 2338 2341 2345 2398 2399 2546 2629 2630 2631 2652 2653 2655 2806 3073 3752 3754 3774 3863 4088 4280
521 522 904 1157 1158 1673 2075 2133
533 1353 1358 1390
581 811 1444 1445 1863 3285 3661 4193
2600 2601 2602 2603
604 1278 1283 1284 1633 2277
669 1602 1603 4226
670 671 1289 1951
1145 1146 1262 2714 2825 3045 3474 3805
729 730 2679 3172 3173 3192 3193
728 1393 1436 1615 2614 2615 3550
738 1088 1862 3951
740 768 971 1582 1626 2240 2241
742 743 1349 1576 2917 3060 4362
1357 1450 3301 3302
767 795 857 1046 1617 1618 1709 2660 2776 2923 2924
775 943 1274 1329 1356 1414 1631 1806 2803 3450
776 1588 2979 3212
807 1302 1502 1695 1750 1751 1817
816 817 818 2910 3607 4217 4218
851 1578 1807 1808 1811
870 972 973 1605 2799
876 1629 2962 3280
895 896 897 3482 3483 3750
922 923 1638 1639 1640 1641 1710 2892
931 1647 1648 1649 1651 1788
1083 1377 2001 2201 2556 2557 3087 3169 3170 3171 3277
1009 1011 1350 2022 3522
2975 3204 3768 4008
1057 1770 2256 2257 2605 3197
1137 2891 3350 4260
2078 3278 3279 3921
1419 1501 1798 2396
1437 2161 2177 2179
1474 1740 2597 2855
1711 2814 2815 2822
1716 1718 1918 1919 1921
1774 2918 2919 3975 3976 3977
1819 2728 2770 2980
1997 2357 2358 2496 2723 2807 2840 4196
2076 2663 3198 3633 3634 3635
2091 2406 3508 3509 3510
2153 2155 2643 3205
2198 2329 2541 2881
2376 2695 2696 2697
2436 2437 3324 3569
2471 3729 3808 3928 4314 4315
2702 2871 2887 2987 3376 4341
2734 3000 3177 3215
2761 3296 3298 3299
2863 2938 2939 3137 3138
2921 3151 3152 3283 4215
3342 4113 4165 4211
