1 2 4 5 7 8 9 10 11 14 15 16 17 20 25 26 28 31 32 95 173 175 176 178 179 180 270 353 355 443 614 820 1924 2266 2269 3506 3507 3536
3 5 170 173 351 357 444 882 2182 2271
18 19 20 21 95 96 270 404 407 411 412 419 1778 1790 2061 2517
21 417 939 1967 2298
29 39 54 55 69 107 109 475 480 493 555 556 585 590 591 599 603 620 632 823 943 1035 1267 1274 1287 1311 1312 1323 1329 1347 1356 1376 1414 1438 1464 1510 1525 1526 1527 1631 1669 1766 1806 1828 1842 1883 1939 2086 2214 2252 2452 2803 2808 2839 3010 3344 3450
30 52 56 840 988 989 995 1006 1152 1210 1211 1464 1525 2285 2286 2551 3380
34 120 174 401
36 101 315 563 568 569 605 606 773 774 1360 1463 2330 2984 3904
37 38 426 458 1198 1463 1978
40 42 44 55 57 60 73 150 1432 1817 3799
41 47 631 754 788 1865
43 152 579 993 994 1006 1210 1214 1453 1464
45 46 1496 1992 2040 2415
48 49 50 51 65 68 118 254 255 535 805 840 977 988 989 992 1152 1173 1402 1403 2079 3957
64 203 523 529 663 664 1458 1477 1590 2217 2842
67 1960 1964 1965 1966 1969 1970 2066 3847
70 191 192 193 194 205 206 207 208 209 210 211 212 476 480 553 601 603 620 643 646 850
71 518 568 570 607 717 757 930 945 949 952 962 1060 1462 1714 2484
72 89 139 144 159 582 583 964 965 1339 1502 1528 1691 1750 1899 2577 2578 2579 2593 2843
74 75 76 106 1509
660 984 1025 1054 1122 1123 1277 1279 1307 1308 1331 1488 2099 2106 2107 2200 2727 2975 3588 4216
78 79 80 100 399 638 679 757 903 1321 1548 1916 3367 3583
81 536 537 589 659 720 721 862 864 914 984 1275 1496 1625 1656 1940 1992 2415
84 85 137 165 672 753
90 1186 2993 3411 3818
91 654 655 933 948 1657 1658 1659 1671 2455 3776 3777
92 100 505 518 519 607 617 618 630 678 694 699 700 703 710 711 717 725 726 732 797 832 841 845 892 893 894 915 928 929 930 944 945 949 951 952 953 954 1060 1061 1081 1084 1089 1148 1149 1165 1188 1195 1334 1342 1425 1426 1454 1456 1462 1557 1558 1572 1600 1601 1616 1688 1784 1839 1872 1875 1907 1908 1937 2152 2423 2466 2488 2536 2554 2600 2601 2602 2603 2649 2748 2828 2841 2930 2931 2933 2934 3035 3041 3319 3351 3359 3360 3429
99 1018 1057 2256 2257
103 872 932 935 1028 1086 1293 1294 1295 1421 1668 1670 1704 2325 3139 3329
104 111 119 1291 1994 1996 3019 3143 3618
105 140 531 616 619 629 755 756 878 1690 3267
480 592 851 1035 1036 1037 1134 1220 1578 1807 1808 1811
110 277 396 606 677 685 686 2003 2004 2005 2330
115 289 291 292 293 3135
117 505 518 694 732 845 944 1165 1456 1714 1875 1907 2555 2649 2933 2934 3319
122 181 283 481 482 693 697 802 803 804 819 824 836 860 1049 1050 1090 1169 1170 1171 1172 1184 1185 1188 1189 1190 1191 1328 1354 1447 1824 1994 2028 2416 2425 2473 2589 2590 2591 2925 3288 3618 4258
124 132 134 153 577 847 996 1296 1298 1976
138 159 964 1210 1435 1464 1612 2816 2837 2839 4245
141 837 838 2248 2249 2491 2570 2689 2728 2809 2813 3994
143 513 1112 1956 2074 2949 2997 3056
145 236 315 448 606 809 1199 1463 2055 2984
146 147 428 431 440 528 572 838 1014 1042 2254 2491
151 986 1911 3410 3412
157 1539 1987 1988 1989
158 2026 2157 2205 2744 2765 2766 2775 3353
167 168 587 920 1459 2982
111 119 183 188 426 545 546 547 549 652 773 848 849 874 883 1030 1041 1055 1276 1305 1306 1373 1495 2210
184 425 426 427 428 429 430 431 432 433 434 435 437 438 439 440 458 650 834 899 967 978 1030 1056 1198 1199 1200 1201 1202 1255 1304 1749 1978 2254
195 196 237 238 239 240 241 242 243 300 308 465 599 600 603 681 771 806 826 850 1282 2429 2444 2634 2685
197 198 199 200 201 202 203 528 609 715 716 1482 2658 2947
213 214 301 304 305 306 307 308 309 310 313 345 347 454 463 464 465 554 599 602 603 681 826 902 1728 1848
217 507 1650 1788 2418 2634 3712
221 634 658 705 709 951 1309 1341 1491 1696 1714 2431 2576 2907 3213 4219
222 223 224 225 226 232 716 1256 1480 1481 1853 1949
228 229 481 482 802 819 1090 1169 1170 1171 1184 1185 1187 1188 1189 1191 1328 1447 1663 1698 2028 2416 2425 2473 2622 4258
233 580 583 584 964 1888 2598
235 303 381 451 2330
245 358 376 2197 2228 2492 3539
246 247 248 249 250 251 252 253 573 577 688 996 1007 1138 1156 1213 1214 1233 1281 1297 2553 2762
256 258 259 376
270 1019 1020 1023 1821 1834 1879 2270 2947 3000 3749
282 2636 2637 3022 3336 3835 3836
285 286 482 792 1169 1170 1318 1715
287 969 970 1565 1696 3423 3424 3879
288 446 503 504 544 563 724 796 797 1016 1039 1055 1133 1252 1253 1254 1897 1898 1928 1930 1935
297 593 851 1033 1155 1163 1220 1415 1620 2169 2622 2680 2859
298 302 346 370 371 373 375 376 377 380 1323 2199 3246
316 352 399 471 472 524 637 638 639 640 642 651 689 690 707 708 711 825 827 903 940 941 1320 1321 1878 1916 2232 2431 2983
368 378 379 2300 2303 4283
382 386 456 1290 1340 1362 1431 1511 1724 1772 2098 2187 2864 3857 4058 4059 4060 4061
383 385 387 400 455 1469
388 389 390 391 392 393 394 395 924 925 926 2032 2188 2189 2314 2527 2607 3724 4214
435 436 458 978 1164 1200 1202 1224 1697
1049 1993 1994 1995 1996
461 918 1051 1052 1053 1830 1870 1871 2043 2393
466 467 504 791 1038
468 1283 1284 1633 2277
470 491 492 494 495 508 509 1024 1126 1285 1310 1346 1347 1356 1550 1573 1594 2219 2236 2249 2803
474 478 498 499 1043 1068 1069 1178 1973 2206 2338 2498 2552 2651 2653 2655 2998 3670 3752 3753 4280
479 480 541 610 620 1181 1323 1434 1849 1873
485 486 845 1047 1060 2466 3966
488 1044 1072 1078 1079 1080 2223 2224 2225 2789 2988 3987
496 497 905 906 907 908 909 910 987 988 989 1003 1004 1045 1152 1211 1261 1264 1453 1959 2154 2514
501 680 726 757 921 930 962 1205 1207 1208
502 597 598 1127 1128 1873 2287
510 511 512 513 576 577 578 579 900 901 993 996 997 999 1005 1007 1013 1054 1073 1093 1097 1098 1099 1100 1101 1102 1141 1142 1156 1160 1213 1214 1516 1982 2026 2108 2762 3006
516 676 1178 2453 3602 3752 3754 3863
517 1178 1179 1990 1991 2653 2655 4280
521 522 1158 1673
532 533 577 821 996 1008 1009 1010 1138 1156 1209 1212 1280 1297 1353 1357 1358
542 558 588 589 669 864
550 551 806 912 1192 1493 1767 2120 2124 2444
561 563 564 773 774 1029 1030 1031 1032 3533
565 566 567 568 607 608
581 583 811 1444 1445 1863 3661 4193
594 595 656 657 806 851 1035 1216 1220 1439 1493 2685
611 738 739 1088 1259 1260 1862 2398 2915
744 868 2125 2297 2621 3668 3710 4284 4285 4337 4339 4345 4348 4349 4350 4351 4352 4353
623 632 823 854 1126 1312 1368 1369 1693 1892 2699 2812
1480 1826 1853 1885 1947 1948
625 1295 1468 1706 1712 1815 2006
626 647 648 1086 1295 1705 1815
635 636 644 1857 3007 3986
424 668 672 1077 1418 2533 2736 2789 2910 3086 3592 4309
670 671 1289 1951
673 674 1262 3474 3486 3805
682 683 684 717 757 962 1060
695 696 950 1367 1684 2279
713 714 1021 1023 1092 1834 1962 1963 1964 3749
716 934 1371 2326 2477 2596
728 1159 1746 1970 1972 2615
742 743 1349 1576 2776 2917 3060 4362
747 748 918 1052 2041 2112 2726
632 823 1311 1312 1503 1842 2681 2821
765 766 795 1617 2509 2922
767 857 858 1046 1618 1709 2660 2776 2777 2778 2779 2923 2924
777 778 779 780 835 960 1150 1557 1882 2464 2575 2931 3067 3470 3885
785 1203 1451 2053 2947
790 799 1264 1359 1595 2850 3632
807 808 1302 1528 1817
816 817 818 2910 4217 4218
828 829 830 2113 2114 2311 2312 3300 3335 3987
844 866 1220 1415 3618
870 871 972 973 2799
885 1436 1461 2144 2365
895 896 897 1677 3482 3483
904 1157 1441 1964 2075 2133
916 1221 1222 1635 1954 2080 2149 2548 2606 2802 3078 3570 3589
931 1647 1648 1649 1651 1652 1788
957 958 1102 1106 1107 1108 1109 2103 2127 2367
959 960 961 1023 1608 1609 1615 1689 2503
966 1605 2810 2811 2916 2937
577 579 996 1001 1007 1009 1073 1074 1138 1156 1213 1214 1281 1297
1002 1264 1265 2222 2458
1012 1093 1140 1232 1786
1056 1366 1410 1411 2211
1064 1065 1066 1067 1070 1071 1268 1269 2261 2908 3096 3565
1083 2001 3169 3170 3277 3872 3873
1103 1104 1105 2166 2518
1111 1113 1114 1115 1116 1117 1118 1122 1487 1660 1708 1761 1812 2072 2073 2785 2786 3419 3679
1120 1121 1129 1490 1516 3541
1135 1193 1222 1744 1953 1954 2022 2023 2024 2080 2388 2389 2639 2803 3038 3070 3276 3589
1145 1146 1805 2714 2796 2825 3045
421 1175 1176 2296 2298 2299 2526
1180 1713 2052 3618
1090 1170 1184 1185 1189 1191 1215 1447 2028 2416 2425 2471 2622 3729 3808 3928 4314 4315
1929 1931 1932 1933
1301 1392 1480 3343
1331 1351 1520 1890 2012 2713 2869 3596
1372 1561 2469 2486 2487 2999 3330 3587
1375 1681 2142 2804 2893 2976
1437 1461 1608 1975 2021 2161 2162 2177 2178 2179
1474 1740 2597 2855
688 1498 1499 1779
1568 1569 1570 2057 2142 2265 2504 2505 2506 2507 2884 3011 3195 3607 3769 3813 3890 4117
622 1334 1597 1598 1923
1330 1509 1627 2877 3574
1642 1643 2314 4327
950 1771 2030 2485
1178 1179 1801 1802 1803 1804 1805 2206 2341 2345 2360 2398 2399 2400 2403 2453 2546 2653 3752 3754 3774 3863 4280
1430 1614 1903 1904 1905 1906 2354
552 2010 2491 2757 2854
2076 3198 3633 3634 3635
2078 2201 3278 3279 3921
672 1035 2086 2212 2572
2140 2691 2692 2776
2329 2424 2541 2881
2376 2695 2696 2697
2405 3201 3494 3869
2419 2420 2724 2725 3608
2454 3447 3567 3795 3851
2679 3172 3173 3192 3193
2704 2723 2806 2807 2840 4196
2734 2793 3177 3214 3215
2739 2740 2742 2829 2830
2590 3101 3102 3108 3109 3195 3312
1213 3003 3519 3523
4124 4125 4126 4287
