0.200000 1.000000 0.750000 0.439161 0.429006 0.652298 0.497177 150
0.200000 1.500000 0.750000 0.447767 0.433638 0.664634 0.505345 141
0.200000 2.000000 0.750000 0.447683 0.432367 0.670909 0.506402 132
0.200000 2.500000 0.750000 0.443534 0.428395 0.667787 0.502500 129
0.200000 3.000000 0.750000 0.443736 0.427854 0.668856 0.502633 127
0.200000 3.500000 0.750000 0.443092 0.427491 0.668867 0.502250 125
0.200000 4.000000 0.750000 0.447512 0.431122 0.672719 0.506306 125
0.200000 4.500000 0.750000 0.453332 0.437257 0.675177 0.511513 125
0.200000 5.000000 0.750000 0.456924 0.441678 0.675944 0.514778 124
0.200000 5.500000 0.750000 0.459051 0.444444 0.678234 0.517233 123
0.200000 6.000000 0.750000 0.459051 0.444444 0.678234 0.517233 123
0.200000 6.500000 0.750000 0.459973 0.445479 0.680069 0.518447 122
0.200000 7.000000 0.750000 0.459973 0.445479 0.680069 0.518447 122
0.200000 7.500000 0.750000 0.459973 0.445479 0.680069 0.518447 122
0.200000 8.000000 0.750000 0.459973 0.445479 0.680069 0.518447 122
0.200000 8.500000 0.750000 0.459973 0.445479 0.680069 0.518447 122
0.200000 9.000000 0.750000 0.459973 0.445479 0.680069 0.518447 122
0.200000 9.500000 0.750000 0.459973 0.445479 0.680069 0.518447 122
0.200000 10.000000 0.750000 0.462056 0.443850 0.683508 0.519467 121
0.200000 10.500000 0.750000 0.462056 0.443850 0.683508 0.519467 121
0.200000 11.000000 0.750000 0.462056 0.443850 0.683508 0.519467 121
0.200000 11.500000 0.750000 0.462056 0.443850 0.683508 0.519467 121
0.200000 12.000000 0.750000 0.462056 0.443850 0.683508 0.519467 121
0.200000 12.500000 0.750000 0.462056 0.443850 0.683508 0.519467 121
0.200000 13.000000 0.750000 0.462056 0.443850 0.683508 0.519467 121
0.200000 13.500000 0.750000 0.462056 0.443850 0.683508 0.519467 121
0.200000 14.000000 0.750000 0.462056 0.443850 0.683508 0.519467 121
0.200000 14.500000 0.750000 0.462056 0.443850 0.683508 0.519467 121
0.200000 15.000000 0.750000 0.462056 0.443850 0.683508 0.519467 121
0.200000 15.500000 0.750000 0.462056 0.443850 0.683508 0.519467 121
0.200000 16.000000 0.750000 0.462056 0.443850 0.683508 0.519467 121
0.200000 16.500000 0.750000 0.462056 0.443850 0.683508 0.519467 121
0.200000 17.000000 0.750000 0.462056 0.443850 0.683508 0.519467 121
0.200000 17.500000 0.750000 0.462056 0.443850 0.683508 0.519467 121
0.200000 18.000000 0.750000 0.462056 0.443850 0.683508 0.519467 121
0.200000 18.500000 0.750000 0.462056 0.443850 0.683508 0.519467 121
0.200000 19.000000 0.750000 0.462056 0.443850 0.683508 0.519467 121
0.200000 19.500000 0.750000 0.462056 0.443850 0.683508 0.519467 121
0.200000 20.000000 0.750000 0.462056 0.443850 0.683508 0.519467 121
