0.200000 1.000000 0.750000 0.439998 0.429006 0.654231 0.497984 150
0.200000 1.500000 0.750000 0.448419 0.433638 0.665762 0.505876 141
0.200000 2.000000 0.750000 0.448332 0.432367 0.672036 0.506930 132
0.200000 2.500000 0.750000 0.444157 0.428395 0.668882 0.503010 129
0.200000 3.000000 0.750000 0.444367 0.427854 0.669968 0.503150 127
0.200000 3.500000 0.750000 0.443726 0.427491 0.669984 0.502769 125
0.200000 4.000000 0.750000 0.448154 0.431122 0.673849 0.506831 125
0.200000 4.500000 0.750000 0.453982 0.437257 0.676323 0.512047 125
0.200000 5.000000 0.750000 0.457583 0.441678 0.677105 0.515320 124
0.200000 5.500000 0.750000 0.459716 0.444444 0.679406 0.517780 123
0.200000 6.000000 0.750000 0.459716 0.444444 0.679406 0.517780 123
0.200000 6.500000 0.750000 0.460642 0.445479 0.681247 0.518997 122
0.200000 7.000000 0.750000 0.460642 0.445479 0.681247 0.518997 122
0.200000 7.500000 0.750000 0.460642 0.445479 0.681247 0.518997 122
0.200000 8.000000 0.750000 0.460642 0.445479 0.681247 0.518997 122
0.200000 8.500000 0.750000 0.460642 0.445479 0.681247 0.518997 122
0.200000 9.000000 0.750000 0.460642 0.445479 0.681247 0.518997 122
0.200000 9.500000 0.750000 0.460642 0.445479 0.681247 0.518997 122
0.200000 10.000000 0.750000 0.462714 0.443850 0.684684 0.520012 121
0.200000 10.500000 0.750000 0.462714 0.443850 0.684684 0.520012 121
0.200000 11.000000 0.750000 0.462714 0.443850 0.684684 0.520012 121
0.200000 11.500000 0.750000 0.462714 0.443850 0.684684 0.520012 121
0.200000 12.000000 0.750000 0.462714 0.443850 0.684684 0.520012 121
0.200000 12.500000 0.750000 0.462714 0.443850 0.684684 0.520012 121
0.200000 13.000000 0.750000 0.462714 0.443850 0.684684 0.520012 121
0.200000 13.500000 0.750000 0.462714 0.443850 0.684684 0.520012 121
0.200000 14.000000 0.750000 0.462714 0.443850 0.684684 0.520012 121
0.200000 14.500000 0.750000 0.462714 0.443850 0.684684 0.520012 121
0.200000 15.000000 0.750000 0.462714 0.443850 0.684684 0.520012 121
0.200000 15.500000 0.750000 0.462714 0.443850 0.684684 0.520012 121
0.200000 16.000000 0.750000 0.462714 0.443850 0.684684 0.520012 121
0.200000 16.500000 0.750000 0.462714 0.443850 0.684684 0.520012 121
0.200000 17.000000 0.750000 0.462714 0.443850 0.684684 0.520012 121
0.200000 17.500000 0.750000 0.462714 0.443850 0.684684 0.520012 121
0.200000 18.000000 0.750000 0.462714 0.443850 0.684684 0.520012 121
0.200000 18.500000 0.750000 0.462714 0.443850 0.684684 0.520012 121
0.200000 19.000000 0.750000 0.462714 0.443850 0.684684 0.520012 121
0.200000 19.500000 0.750000 0.462714 0.443850 0.684684 0.520012 121
0.200000 20.000000 0.750000 0.462714 0.443850 0.684684 0.520012 121
