1 2 4 5 6 7 8 9 10 11 14 15 16 17 20 21 23 25 26 27 28 31 32 34 95 120 170 172 173 174 175 176 177 178 179 180 181 182 267 271 353 354 355 356 357 358 359 360 361 371 380 401 443 445 654 867 881 1019 1176 1778 1879 1924 2122 2199 2233 2266 2269 2270 2275 2868 3506 3536 3539 3675
3 4 6 9 32 33 173 175 351 360 444 882 980 1020 1924 2016 2122 2182 2183 2268 2271 2419 2420 2724 2725 3608 3746 3902
18 19 20 21 95 96 174 270 271 272 404 405 406 407 408 411 412 413 414 417 419 421 820 980 1176 1778 1790 1831 1833 1924 1925 2061 2173 2517 3506
21 263 264 271 273 274 275 417 418 419 421 813 1154 1175 1176 1507 2296 2298 2299 2440 2443 2523 2524 2525 2526 3751
29 30 39 43 44 47 52 54 55 57 69 107 109 144 152 216 302 469 470 471 475 479 480 491 492 493 494 495 508 509 510 555 556 578 579 585 590 591 599 603 610 620 641 665 754 756 775 823 850 901 943 964 991 994 1013 1024 1035 1097 1099 1101 1126 1134 1267 1274 1285 1287 1310 1311 1312 1323 1329 1346 1347 1356 1376 1434 1435 1438 1453 1510 1525 1526 1527 1573 1594 1625 1627 1669 1766 1806 1828 1849 1883 1906 1939 1940 2086 2214 2215 2219 2236 2249 2252 2452 2699 2803 2839 2843 2845 2877 3010 3246 3344 3574
36 80 101 398 471 472 569 570 605 640 690 703 707 717 832 833 949 962 1059 1060 1061 1132 1462 1714 1839 1894 1895 2446 2477 2984 3359 3367 3583 3904
37 38 184 425 426 427 428 429 430 431 432 433 434 435 437 438 439 440 448 458 526 773 883 899 967 1198 1199 1200 1201 1255 1684 1749 2254
40 42 47 57 60 73 75 144 150 737 756 807 964 1250 1302 1339 1432 1433 1434 1502 1525 1528 1646 1695 1817 2212 2421 2593 2843 2872 2877 3305 3574 3799
41 47 631 754 788 1865 3020
45 46 1496 1992 2040 2415 4232
56 727 737 805 840 988 989 990 991 992 994 995 1004 1006 1152 1210 1211 1403 1435 1453 1464 1471 1910 2285 2286 2551 3048 3380
48 49 50 51 65 68 118 254 255 977 1173 1402
59 1298 1957 2222 2458 2737
61 1018 1505 1614
62 290 471 472 608 640 690 691 778 779 835 880 963 1150 1557 1882 2405 2575 3869
64 89 203 523 529 663 664 1477 1590 2217 2842
66 2489 2490 2708 3512 4173 4174
67 714 1960 1962 1964 1965 1966 1969 2066 3847
70 191 192 193 194 205 206 207 208 209 210 211 212 476 553 601 643
71 92 101 117 505 518 520 565 566 567 568 569 570 603 607 608 617 621 641 679 684 692 694 699 701 703 710 711 717 725 726 732 772 797 832 845 892 928 929 930 944 945 949 951 952 953 954 962 1059 1060 1061 1084 1148 1149 1195 1334 1342 1421 1425 1426 1440 1456 1462 1557 1616 1688 1714 1784 1839 1875 1894 1895 1907 1908 1943 1983 2423 2431 2466 2484 2536 2554 2555 2649 2828 2841 2930 2931 3319 3359 3360 3583
72 139 144 159 582 584 964 965 1339 1502 1612 1646 1691 1899 2593 2837 2843
74 76 106 1509 2457
510 660 1025 1054 1122 1123 1232 1277 1279 1307 1308 1488 2099 2106 2107 2200 2727 3588 4216
78 79 80 92 100 101 398 471 472 518 525 569 622 638 640 658 679 700 703 710 717 725 732 827 845 903 944 949 1059 1060 1061 1148 1149 1195 1321 1342 1456 1462 1548 1616 1688 1714 1839 1854 1873 1875 1908 1916 1943 2087 2284 2287 2423 2431 2466 2530 2649 2748 2930 2933 2983 3359 3360 3583
82 116 1094 3058
83 733 1364 1430 1521 1614 1650 1736 1903 1904 1905 1906 2354 2502 2750 3339 3340 3469
84 85 137 165 552 672 753 2010 2491 2757 2854
87 1341 1696 3423
90 1186 3411 3818
91 654 655 1407 1657 1658 1659 1668 1671
92 117 505 518 519 617 618 621 694 699 700 701 707 717 732 832 844 845 892 893 894 915 928 944 949 953 1060 1061 1089 1147 1148 1149 1195 1334 1454 1462 1558 1572 1600 1601 1616 1662 1688 1714 1784 1839 1872 1875 1907 1908 1923 1937 2027 2423 2488 2554 2555 2588 2600 2601 2602 2603 2828 2930 2933 3035 3041 3273 3351 3359 3360 3583
99 1057 1059 1770 2256 2257
102 113 293 986 3410 3412 3413
103 647 648 872 932 935 987 1086 1293 1294 1295 1421 1670 1704 1706 3139
105 140 531 616 619 629 754 755 756 878 1458 1865 2252 3267
107 592 851 1035 1134 1220 1318 1323 1578 1807 1808 1811
110 277 396 605 606 677 685 2003 2004 2005 2055
112 666 968 1309 1892 2132 4177
115 289 291 292
124 132 134 153 847 1976 3511
125 678 885 2365
126 133 136 2008 2960
128 138 964 1435 1505 2816 2826 2837
152 510 512 513 578 900 901 984 999 1012 1013 1093 1097 1098 1099 1100 1101 1102 1141 1142 1160 1982 2026 2997 3006
141 147 184 428 437 528 837 838 890 891 2248 2249 2570 2689 2728 2809 2813 3577 3994
143 1112 1812 1956 2074 2949 3056
145 450 460 505 699 784 1456 1686 1983 2361 2646 2649
146 184 199 425 427 428 431 432 437 440 528 572 611 738 739 838 1014 1042 1088 1259 1260 1395 1463 1628 1862 2208 2254 2345 2398 2915
155 156 1119 1120 1121
157 1539 1987 1988 1989
158 2157 2205 2744 2775 3353 3871
167 168 1459 2939 2982 3137
111 119 183 188 426 432 438 545 546 547 549 652 773 848 849 874 883 1030 1041 1055 1276 1305 1306 1373 2210 3143
195 196 237 238 239 240 241 242 243 300 309 454 465 771 826 1282 2429
197 198 199 200 201 202 528 609 715 785 1482 1792 2658 2947
213 214 301 304 305 306 307 308 310 313 345 463 464 554 600 602 612 681 902 1728
221 658 705 709 951 1309 1341 1491 1714 2431 2576 3213 4219
222 223 224 225 226 232 624 666 716 875 934 1301 1371 1392 1480 1481 1853 1885 1947 1949 2596 3343 4177
227 713 1021 1887
233 580 582 583 584 2577 2579 2593 2598
244 298 346 364 365 368 370 371 372 373 375 376 377 378 379 380 2199 2300 2303
246 247 248 249 250 251 252 253 511 532 533 577 579 687 688 821 901 996 997 1001 1007 1008 1010 1138 1156 1209 1212 1213 1214 1233 1280 1281 1297 1298 1353 1357 1358 1390 1397 1402 1535 2259 2553 2762
385 386 456 548 697 844 865 866 1049 1050 1340 1362 1993 1994 1996 3019 3618
262 479 614 622 797 798 873 975 981 1149 1334 1597 1598 1923 1943 2638 2963 3840 3843
278 1091 1092 2705
282 2454 2636 2637 3022 3336 3445 3446 3672 3835 3836 4313
122 181 283 285 286 481 482 697 802 803 804 819 824 836 860 1090 1169 1170 1171 1172 1184 1185 1187 1188 1189 1190 1191 1215 1318 1328 1354 1447 1663 1698 1994 2027 2028 2416 2425 2471 2473 2514 2622 3288 3729 3808 3928 4258 4314 4315
286 288 354 446 466 467 503 504 520 563 570 608 630 649 772 791 793 796 797 915 1016 1038 1039 1132 1478 1586 1850 1872 1897 1898 1935 1937 3359 3668 4293 4350 4352
287 969 970 3879
295 918 1052 1053 2754
6 296 353 367 371 380 614 868 881 1176 2199
297 593 1033 1155 1163 2639 2680 2859
316 352 399 471 524 637 638 639 640 642 651 679 689 690 707 708 825 827 903 940 941 1320 1321 1878 2907 2983 4319
350 871 1313 2298 2313
369 1968 1970 2064 2170 2438 3004 3030
382 384 387 1290 1431 1469 1724 1772 2098 2187 2864 3857 4058 4059 4060 4061
388 389 390 391 392 393 394 395 924 925 926 2032 2188 2189 2607
426 449 563 1029 1031 1314 1422 1423 1950 2143 2190 3073 3100 3201 3402 3403 3494 3753 3869 3895
461 747 748 1051 1052 1053 1870 2043 2112 2726
468 604 1278 1283 1284 1517 1633 2277
474 478 498 499 1043 1068 1069 1973 2498 2552 2651 3670
485 486 621 622 725 845 949 1047 1048 1060 1165 1462 1943 2466 2746 3966 4279
488 829 1044 1064 1065 1066 1067 1070 1071 1072 1078 1079 1080 2223 2224 2225 2261 2789 2988 3565 3987
496 497 905 906 907 908 909 910 1003 1045 1261 1959 2154
500 1203 2053 2454 3447 3567 3735 3795 3851
80 501 680 682 683 684 757 921 962 1205 1207 1208 1333 1425 3583 3880
502 597 598 1127 1128 1873
516 676 1915 2453 3602 3677 3678 4292 4363
517 673 1178 1179 1236 1262 1801 1803 1804 1805 1990 1991 2206 2338 2398 2403 2453 2652 2653 2654 2655 3486 3752 3754 3774 3863 4280
536 537 720 721 913 984 1275 1625 1656 1992 3113
537 538 542 558 559 588 589 669 721 862 864 1435 1507 1602 1603 2577 2818 3092 3093 3094 3095 4226
541 2121 2909 3877
503 544 724 1031 1032 1133 1252 1253 1254 1897 1928 1929 1930 1931 1932 1933 1934 3358
550 551 912 1192 1466 2124
561 562 563 564 794 877 1031 2031 3533
573 575 1498 1499 1779 3521
581 811 1445 1863 3285 3661 4193
594 595 656 657 806 1216 1493 2927
467 615 744 772 868 1896 2125 2297 2621 3668 3710 4284 4285 4337 4339 4345 4348 4349 4350 4351 4352 4353
623 632 765 823 854 1126 1311 1312 1368 1369 1503 1693 1842 2594 2681 2686 2699 2812 2821
625 626 933 1468 1705 1707 1712 1815 2006 2325 3776 3777
636 644 1771 2030 2485 3986
707 831 832 903 1321 1538 1880 2232
653 948 1408 1409
424 668 1077 1418 1781 2533 3592 4309
670 671 1289 1951
712 961 1020 1021 1023 3183
728 1436 1461 1615 2021 2144 2145 2614 2615
740 768 971 1582 1626 1779 2240 2241 2707
742 743 1349 1576 2917 3060 4362
745 746 918 1063 2793 3214 3558 3559 4009
765 766 767 795 857 858 1024 1046 1475 1617 1618 1709 1946 1984 2112 2113 2509 2550 2660 2776 2777 2778 2779 2922 2923 2924 2998 3662
776 1588 2979 3212
777 778 779 780 835 1150 1557
790 799 1359 2850 3632
816 817 818 2910 4217 4218
828 830 2114 2311 2312 3300 3335
870 966 972 973 1605 2799 2810 2811 2937
886 1331 1351 1890 1952 2012 2713 2758 2869 3027 3049 3050 3051 3596 4216
895 896 897 1158 3482 3483 3750
916 1135 1222 1635 1744 1953 1954 2023 2080 2152 2388 2389 2548 2606 2802 2873 3038 3070 3078 3276 3570 3589
922 923 1638 1639 1640 1641 1710 2892
931 1647 1648 1649 1651 1652 1788
943 1273 1274 1413 1631 2214 2218 2573 2808 2833 2834
947 1901 2109 2111
959 960 961 1608 1609 1689 2503
985 1348 1591 2404
577 901 996 997 998 1000 1007 1087 1138 1156 1213 1214 1233 1281 1297 1298 1563 1564 2528 2604 2706 2762 2858
1002 2191 2867 3571
1009 1011 1298 1350 2196 3522
993 1073 1075 1076 1124 1125 3291
1083 1377 1580 2001 2078 2201 2555 3169 3170 3277 3278 3279 3872 3873 3921
1103 1105 1108 2166 2518
957 958 1104 1106 1107 1109 2103 2127 2367
1111 1113 1114 1115 1116 1117 1118 1226 1487 1708 1761 1812 2072 2073 2785 2786 3419 3679 3821
1093 1129 1130 1138 1139 1140 1230 1231 1232 1281 1354 1490 1786 1789 2216 3541
1137 2891 3350 4260
1145 1146 2714 2825 3045
1217 1361 3268 3478
1372 1560 1561 1562 2469 2486 2487 3105 3587 3597
1382 1383 1384 2736 2926 2928 3075 3086 3270
1400 1675 2693 2886 3091
1437 2161 2177 2178 2179
1441 1677 2065 2133 2616 3072
1474 1740 2597 2855
1549 1550 1552 1553
1568 1569 1570 2057 2142 2265 2504 2505 2506 2507 3011 3769 3890 4117
1585 1768 2450 2675
1642 1643 1644 1780 2314 2823 4327
1711 1721 2814 2815 2822
1713 2140 2207 2691 2692 3079
1716 1718 1918 1919 1921 2762
1783 1866 2392 2842
1794 1795 1961 1967 4326
1997 2357 2358 2723 2806 2807 2840
2038 2039 2783 3184 3185 3231 3760 4111
2076 2663 3198 3633 3634 3635
2091 2406 3508 3509 3510
2198 2329 2541 2881
1025 2975 3204 4008
2376 2695 2696 2697
2436 2437 3324 3569
2557 3087 3171 3766 3926 4011
2679 3172 3173 3192 3193
2702 2871 2887 2987 3376 4341
2761 3295 3296 3298 3299
2935 2936 3200 3201
3342 4113 4165 4211
3098 3717 3718 4134
4124 4125 4126 4287
