10 11 276 486 4602
14 529 1145 1392 1651 1673 2044 2317 2627 3211 3217 3546 3885 4164 4165 4533 4980
19 20 21 22 23 327 358 359 360 361 362
27 275 701 1747
30 2035 2923 4159
31 32 33 197 294 295 297 300 301 304 306 307 308 309 311 383 392 480 504 628 630 631 759 814 856 857 889 950 1282 1395 1473 1474 1475 1710 2252 4124 4219
38 39 40 43 44 1499 3365
41 186 329 330 338 439 1097 1258 1297 1459 1462 1550 1561 1620 1648 1665 2053 2093 2235 2325 2533 2932 3094 3266 3438 3810 3952 4039 4056 4065 4148 4336 4370 4486 4739
46 47 2733 3401 3807 4109 4110 4276 4604
50 750 784 826
51 52 53 54 60 116 315 606 1218 1373 1506 1646 1993 2095 2187 3591 4174 4363 4366 4377
61 62 63 64 1339 1682 1767 1934 3139 4305
65 66 67 68 119 1582
75 77 144 228 355 356 831 880 881 883 884 1111 1536 1765 1893 1979 3473 3486 3681 4513
481 1377 4129 4130
80 152 535 684 1221 1222 1434 1604 1605 1606 1607 2726 4069 4514 4539 4600 4610 4673
81 541 1622 1824 1832 1835 1836
85 87 172 2522 2881 3499 3720 4122
86 1946 2729 4079 4169 4250 4362 4403
94 515 877 878 1185 1453 1497 1586
96 101 104 1263 1452 1489 1526 1564 1843 4071
98 99 342 343 345 346 351 353 371 375 376 1337 1338 1521 4496
100 555 1381 1454 1645
107 108 678 1803 2071 2073 2080 2084 2092 2098 2099
113 117 118 176 205 357 617 817 1869 1956 2088 2757 3831 4413 4560 4630
114 2882 3745 4260 4456
128 4214 4353 4976
134 3316 3545 3942 3994 4032 4575 4576 4577 4580 4583
138 996 1450 2048 3612
139 179 374 430 1502 1503 1504 1579 1608 2521 4316 4632
141 149 167 213 236 492 615 616 830 844 845 1485 1563 1723 1743 3538 3588 3677
153 165 585 638 640
159 164 659 1272 1273 1432 1494 2683 2883 3652 3809 4097 4098 4519 4520
170 509 557 1283 1471 1492 1776 2592 3640 3668 4035
180 584 673 674 1095 1554 3320 3769 4099 4309 4310 4412 4428 4552 4616
183 184 428 1466 2264 2894 4402
187 3949 3962 4066
191 1301 2219 2331 3245 3624 3702 4186 4191 4564 4566 4567 4571
210 441 935 1266 1430 1842 2049 2050 2774 2917 3023 4556 4679
217 273 1360 1476
293 407 1152 1188 1199 1393 1394 1662 1804
237 600 1203 1419 1694 2511 4350
244 1285 1985 2436 2672 4107 4294
245 3062 3241 3589 3687 4072 4263 4266
252 253 254 255 753
257 319 320 493 494 1407 2742 4319
267 268 286 291 539 668 928 932 1200 1216 1219 1867 1873 1876 2347
269 270 274 2040
303 522 770 771 773 776 778 787 1288 1927 1990 1994 1997 2960 2961 3357 3529 3583 4158 4301 4388 4624 4983
280 287 292 1358 1359 1750 4149
281 414 423 713 746 755 1367 1414 1415 1711 1802 1815 1859 4049
321 322 323 324 2158
333 334 336 337 344 347 348 611 4619 4620
363 364 365 3527 4101
400 1196 1626 2697 2698 3049
399 722 724 1928 1930 1943 3165 4990
404 406 1908 2243 3126
412 2110 2111 2115 2116
434 435 475 1449 1451 3042
457 530 1490 1491
459 538 1512 1514 3513 3676 3770
473 550 551 1153
488 489 498 775 846 1123 1124 1891 4061
495 496 1428 1429 1542 1543 1544
527 1300 1448 1467 1697 4549
531 532 2085 4599 4705
556 1551 2077 2958
574 963 1271 3953 4548 4627
587 811 984 1049 1533 1888 1919 1995 2244 2341 2342 2495 2569 2671 2717 2723 2734 2805 2864 2991 3074 3208 3653 3693 3921 3957 3973 4062 4531 4698 4706 4762 4764 4767 4783 4784 4785 4787 4788 4794 4796 4799 4827
655 1416 1631 1635 2990
692 693 694 704
712 1590 1591 1592 1594 1595 1821
735 736 4296 4360
756 925 2384 3070 3294 3394 3636 3872 4773 4834 4835 4871
758 1610 1611 1612 1911 2478 4710 4711
808 1213 1242 1350 1371 1860 3033 3577 4237 4517
812 1396 1397 1535 2965 4902
839 840 841 894 1163
843 3041 3899 4171 4243
859 2314 2316 2346 2350 2352 2368 2624 2633 2635
907 909 2851 3426 4067 4284 4285
922 1855 2027 3970
926 927 1214 1241 1269 1309 1383 1384
936 951 952 1130 2036 2938 4672
937 938 941 2524 2895
942 943 1156 2769
1015 1289 1355 1356 1442 1787 1845
1321 1370 3112 3469 4068
1052 1161 1162 1522 1523 4523
1180 2003 2004 2005
1182 1183 1184 2343 3298
1344 2055 4202 4203 4535 4641
1405 1422 1423 1424 1425 1426 1427
666 902 1441 1500 1655 1656 2855 4092 4293
1664 1666 1849 4090 4376
1668 1669 2943 3122 4188
1858 2567 2860 3665 4142 4143
1922 2063 3009 3044 4177 4298
1987 2789 3489 4805
3570 3902 4993 4994
3870 4064 4687 4692
