1008 2481 1
402 32.820513 793 30.139535
3 70.434783 4 67.080745 5 52.324324 6 74.141876 121 69.444444 143 79.365079 144 70.434783 145 45.000000 146 79.365079 147 74.141876
2 70.434783 4 86.580087 5 52.910053 6 95.238095 121 79.365079 143 90.702948 144 90.702948 145 52.941176 146 90.702948 147 85.263158
2 67.080745 3 86.580087 5 50.505051 6 90.909091 121 75.757576 143 86.580087 144 86.580087 145 50.000000 146 86.580087 147 81.203008
2 52.324324 3 52.910053 4 50.505051 6 55.555556 121 52.324324 143 59.459459 144 52.910053 145 34.937611 146 59.459459 147 55.555556
2 74.141876 3 95.238095 4 90.909091 5 55.555556 121 83.333333 143 95.238095 144 95.238095 145 56.250000 146 95.238095 147 89.750693
97 33.504274
106 34.843206 107 40.760870 108 37.630208 191 40.500000 282 34.547908 358 46.095238
191 32.820513 282 32.820513
11 39.315438
10 39.315438 126 38.585861
14 32.000000
122 33.122484
12 32.000000
16 45.425609 687 57.393636 837 56.470588 887 44.642857 954 57.393636
15 45.425609 687 66.109340 837 51.914982 954 52.825241
18 34.285714
17 34.285714
20 33.441080
19 33.441080
22 35.858359 23 61.363636 24 31.905076
21 35.858359 23 30.697279
21 61.363636 22 30.697279 24 32.653061
21 31.905076 23 32.653061
26 48.453983 27 52.825241 28 38.585861
25 48.453983 27 48.453983 28 35.164835 197 35.829728 198 30.476190 952 48.453983
25 52.825241 26 48.453983 28 38.585861 46 34.609988 490 39.315438
25 38.585861 26 35.164835 27 38.585861
427 31.805274 969 38.105338 1003 40.059457
78 31.030303
230 43.290043 354 61.935484 355 64.190981 428 66.080156 491 70.343392 492 72.058824 493 77.922078 494 68.145161 685 69.540230 822 54.516129 924 72.688172 936 47.619048 955 40.653825 965 51.020408
840 33.842538
686 35.273369
839 32.661290
178 33.441080
417 39.745628
38 61.527729 434 31.561997 448 39.766082
37 61.527729 361 35.842294 434 34.449761 448 44.798407 475 32.996633
40 44.851259 131 41.025641 134 49.794239 139 34.609988 378 38.735178
39 44.851259 131 49.230769 134 38.787879 377 30.959752 459 42.105263
435 35.829728
201 35.457064 397 32.080201 435 31.160572
475 32.579186 825 65.053763
601 35.164835 604 30.303030
64 32.000000 263 41.223833 551 47.450980 574 45.149912 600 46.095238 790 59.937565 912 49.902534 942 62.051282
27 34.609988
1001 30.555556
802 48.453983 944 39.315438 945 39.315438 946 52.825241 947 39.315438 948 39.315438
795 31.351012
433 39.416910
153 49.846154 455 46.376812
75 46.451613 77 41.025641 474 40.431267 489 46.153846 527 33.137255 759 34.615385 766 47.003525 776 45.592705 961 35.957447
78 42.328042 489 38.095238 961 37.849944
526 30.697279
183 31.510417
229 32.000000 230 40.672269 491 42.016807 492 33.855799 494 35.064935 924 32.000000
183 39.100684
60 38.095238 221 52.406417 365 41.223833 366 37.121212 452 35.636364 703 31.250000 788 42.857143 831 44.545455 927 44.545455 928 37.121212
922 35.416667
58 38.095238 221 71.111111 365 39.676113 366 42.982456 452 41.263158 703 36.764706 774 31.351012 788 39.215686 831 42.105263 927 51.578947 928 42.982456
183 30.094044
65 38.400000
530 39.315438 749 39.315438
45 32.000000 263 55.652174 551 34.385965 574 51.578947 600 33.276740 790 55.102041 912 57.309942 942 55.652174
62 38.400000
956 31.351012
68 52.218256
67 52.218256
122 32.860041 708 39.215686 740 31.561997 789 30.246914 803 30.476190
819 39.315438
478 34.086957
105 33.441080 158 39.315438 180 33.441080 216 39.315438 245 45.425609 276 33.036807 277 48.784590 283 52.825241 367 42.753515 441 33.644545 868 52.825241
942 33.728590 961 41.880342
592 36.923077 705 32.467532 966 77.734549
52 46.451613 77 32.053106 80 32.183908 214 42.241379 776 41.806452 961 37.158470
90 30.303030
52 41.025641 75 32.053106 80 44.561635 214 30.769231 759 37.762238 766 38.095238 776 32.159468
30 31.030303 53 42.328042 80 33.679834 214 32.666667 465 32.951945 529 70.546737
191 33.441080
75 32.183908 77 44.561635 78 33.679834 214 37.593985 465 33.862434 527 43.097643 529 31.111111 759 44.322344 766 39.803440 776 36.639566
111 33.036807 453 32.951945 579 33.036807 654 46.545455 836 45.370370
665 33.714880 767 37.327189 778 34.285714
85 34.609988
85 31.351012
83 34.609988 84 31.351012
785 33.150106
115 38.585861
321 30.864198 708 37.374517 743 32.702703
1003 33.926800
76 30.303030
172 30.585424
181 31.690141 698 30.917874 780 32.960996
389 31.168831 390 41.806452
580 38.095238
353 51.931716 552 49.571184
167 35.604396 344 38.888889 403 39.130435 405 40.833333 537 30.303030 841 31.304348
7 33.504274 98 51.874367 99 34.843206 100 36.467236 101 41.156463 106 30.000000 107 40.760870 109 40.591966
97 51.874367 100 34.937611 101 46.718147 109 35.842294
97 34.843206 109 46.082949
97 36.467236 98 34.937611 109 41.176471 111 48.453983 380 35.829728
97 41.156463 98 46.718147 106 32.666667
215 30.393996 276 34.027778 277 46.545455
195 33.007812 247 32.467532 249 32.467532 252 38.331854 253 31.924439 370 33.540373 581 31.712474 584 42.519267 765 39.188672 848 37.723214
276 35.273369 277 45.023256
72 33.441080 156 35.125448 180 39.062500 217 32.862644 283 33.441080 367 36.764706
8 34.843206 97 30.000000 101 32.666667 107 33.222591 282 35.294118 358 37.333333
8 40.760870 97 40.760870 106 33.222591 109 34.375000
8 37.630208
97 40.591966 98 35.842294 99 46.082949 100 41.176471 107 34.375000 111 44.419742
282 32.080201 358 32.760364
81 33.036807 100 48.453983 109 44.419742
162 31.921182 812 30.024814
382 42.322206 427 37.380801 440 30.311373 444 68.207624 606 42.143600 607 30.873846 758 41.375380 1005 33.444651
115 32.820513 468 45.425609
87 38.585861 114 32.820513
117 51.914982 118 38.585861 119 38.585861
116 51.914982 118 39.315438 119 39.315438
116 38.585861 117 39.315438 119 39.315438
116 38.585861 117 39.315438 118 39.315438
499 30.857143
2 69.444444 3 79.365079 4 75.757576 5 52.324324 6 83.333333 143 88.000000 144 79.365079 145 54.901961 146 88.000000 147 83.333333
13 33.122484 69 32.860041 331 38.095238 372 35.897436 639 35.380835 726 35.294118 818 34.659593
384 30.536420
125 34.013605 127 44.349628 128 44.349628 133 63.739837 135 34.449761 210 66.392318 378 38.735178 957 44.349628
124 34.013605 127 38.585861 128 38.585861 133 36.029412 135 61.250000 210 34.013605 957 38.585861
11 38.585861 395 37.869822
124 44.349628 125 38.585861 128 66.109340 210 44.349628 957 39.315438
124 44.349628 125 38.585861 127 66.109340 210 44.349628 957 39.315438
130 37.500000
129 37.500000 138 37.593985
39 41.025641 40 49.230769 134 40.816327 136 37.333333 377 66.758621 378 71.111111 459 31.578947 957 31.600424
134 45.410200 137 36.090226
124 63.739837 125 36.029412 135 40.909091 210 58.275862 378 31.801242
39 49.794239 40 38.787879 131 40.816327 132 45.410200 137 34.072143 139 31.473929 459 30.625000
124 34.449761 125 61.250000 133 40.909091
131 37.333333 377 44.444444 378 42.424242
132 36.090226 134 34.072143
130 37.593985
39 34.609988 134 31.473929 378 36.340487
141 57.142857 278 32.000000 279 37.762238 280 32.523060 281 54.293629 474 32.000000 558 60.728745
140 57.142857 278 43.636364 279 64.021164 280 44.349628 281 63.000932 558 34.408602 577 54.076208 638 34.408602 753 54.076208 777 44.349628
551 48.403361 600 41.904762 689 48.120301 790 37.327189 912 44.912281 942 37.101449
2 79.365079 3 90.702948 4 86.580087 5 59.459459 6 95.238095 121 88.000000 144 90.702948 145 64.052288 146 100.000000 147 95.238095
2 70.434783 3 90.702948 4 86.580087 5 52.910053 6 95.238095 121 79.365079 143 90.702948 145 52.941176 146 90.702948 147 85.263158
2 45.000000 3 52.941176 4 50.000000 5 34.937611 6 56.250000 121 54.901961 143 64.052288 144 52.941176 146 64.052288 147 56.250000
2 79.365079 3 90.702948 4 86.580087 5 59.459459 6 95.238095 121 88.000000 143 100.000000 144 90.702948 145 64.052288 147 95.238095
2 74.141876 3 85.263158 4 81.203008 5 55.555556 6 89.750693 121 83.333333 143 95.238095 144 85.263158 145 56.250000 146 95.238095
149 38.585861 150 52.825241 757 39.315438 833 52.825241
148 38.585861 150 38.585861 815 38.585861 833 38.585861
148 52.825241 149 38.585861 757 39.315438 833 52.825241
152 70.129870 568 44.137931 652 47.058824 655 44.444444 884 42.105263
151 70.129870 568 49.090909 652 44.582043 655 51.578947 884 39.889197
51 49.846154 455 66.483516 456 32.467532 457 33.036807 495 53.894737
155 38.585861
154 38.585861
105 35.125448 180 35.125448
661 31.334623
72 39.315438 245 33.441080 283 39.315438 367 31.351012
163 38.585861
746 31.955923 850 30.967422
679 37.526608 720 43.537415
112 31.921182
159 38.585861
623 40.378319 729 40.378319
785 34.090909
623 39.315438 729 39.315438
96 35.604396 344 46.296296 403 48.721805 404 34.224599 405 42.077922 537 41.830065 841 34.224599
609 38.585861
669 31.080031
739 30.769231
414 36.000000 415 80.764636
91 30.585424
174 38.585861
173 38.585861
176 47.030006
175 47.030006
449 39.315438
35 33.441080
200 44.444444
72 33.441080 105 39.062500 156 35.125448 216 33.441080 283 33.441080 367 36.764706 627 33.441080 868 33.441080
92 31.690141 698 32.791328
275 33.036807
55 31.510417 57 39.100684 61 30.094044 205 41.176471 212 33.750000 213 39.100684 523 36.136734 554 35.555556
224 32.863850
214 31.055901 759 32.467532 766 39.682540 776 31.410256
187 53.002070
186 53.002070
470 30.476190
469 39.315438 470 60.980738
275 48.453983 334 35.829728
8 40.500000 9 32.820513 79 33.441080 358 51.851852 405 34.722222 773 32.820513
451 37.869822
194 35.164835
193 35.164835
103 33.007812 247 47.642680 248 50.217960 249 47.642680 250 35.208333 252 57.544757 254 31.604938 255 36.160714 370 45.687646 582 66.359447 584 50.548034 714 38.400000 765 53.087558 848 68.817204 894 38.571429 958 41.223833
432 49.000000 437 38.095238 438 73.636364 445 38.095238 521 32.666667 939 51.578947
26 35.829728 198 45.425609 952 39.315438
26 30.476190 197 45.425609 952 33.441080
468 38.585861
179 44.444444
42 35.457064
368 39.315438
311 37.426901 364 39.628483 804 33.108108 814 33.230769 938 33.108108 959 40.198932
897 30.434783 956 36.363636
183 41.176471 554 60.000000
259 45.996674 314 30.736484 555 45.996674 624 45.873016 642 37.338476 643 43.338861 659 51.531863 672 31.707317 684 31.397174 700 47.816092 724 48.426150 734 38.946302 775 43.507214 806 55.411255 809 41.666667 967 52.029024 974 41.288937 976 45.937500 982 38.787879 984 50.730519 988 41.285714
222 34.284999
325 53.524492 770 43.150685 783 30.421866 851 43.589744
791 45.425609
124 66.392318 125 34.013605 127 44.349628 128 44.349628 133 58.275862 378 38.735178 957 54.076208
212 41.547430 213 49.540397 526 34.937611
183 33.750000 211 41.547430 213 47.020408 214 31.761787 523 41.458426 526 43.669251
183 39.100684 211 49.540397 212 47.020408 523 41.458426 526 43.669251
75 42.241379 77 30.769231 78 32.666667 80 37.593985 185 31.055901 212 31.761787 263 35.636364 551 31.761787 574 31.578947 600 42.016807 790 49.261084 912 35.294118 942 35.636364
102 30.393996 217 61.635220 277 45.023256 441 63.219512 442 73.167045 443 70.814934
72 39.315438 180 33.441080 245 33.441080 276 33.036807 277 38.253145 283 39.315438 367 42.753515 868 39.315438
105 32.862644 215 61.635220 276 34.453058 277 33.540373 367 31.219512 441 53.584511 442 60.367893 443 57.754011
743 32.558140 850 34.838710 903 35.897436
870 32.820513
475 40.829346 823 31.030303
58 52.406417 60 71.111111 365 52.674897 366 65.587045 452 54.700855 703 52.941176 774 35.829728 788 56.250000 831 57.647059 927 67.724868 928 65.587045
207 34.284999 445 30.252101
285 49.627792 430 33.750000 506 54.545455 507 49.090909 830 56.806723
184 32.863850
343 30.000000
832 33.036807 897 35.310345
240 35.829728
596 32.653061 604 36.651584 605 30.967742
56 32.000000 230 33.103448 491 31.055901
31 43.290043 56 40.672269 229 33.103448 354 41.797283 355 42.187500 428 51.428571 491 54.857143 492 51.428571 493 51.428571 494 58.680556 685 46.022727 822 37.461300 924 50.840336 936 34.913793
963 40.653825
840 31.924883
234 66.109340
233 66.109340
814 36.630037
867 53.481013
239 36.571429 567 30.476190 572 30.769231
356 30.476190
237 36.571429 356 39.130435 370 30.864198 564 38.942308 565 30.867347 566 37.121212 567 52.380952 570 30.303030 571 30.393996 572 51.200000 731 48.761905 1006 30.303030
227 35.829728 732 35.829728
248 32.432432 249 38.243902 252 34.844444 565 32.282472 584 36.764706 683 34.224599 765 30.287860 958 34.782609
500 31.351012
414 32.894737
556 36.010003 642 35.040724 651 31.710301 742 33.531746 960 31.986944 985 31.735537 989 31.034483 994 32.140615
72 45.425609 158 33.441080 216 33.441080 262 31.111111 277 32.894737 283 45.425609 367 36.764706 441 36.296296 868 33.441080
321 44.081633
103 32.467532 195 47.642680 248 49.030644 249 51.020408 250 31.347461 252 46.583851 255 32.760033 370 55.072464 565 32.410087 582 30.476190 584 40.685003 765 51.680949 848 54.700855 894 44.755245 958 48.987854
195 50.217960 241 32.432432 247 49.030644 249 49.030644 250 43.005952 252 57.341270 254 30.740038 370 53.820598 550 31.764706 565 30.671506 582 43.956044 584 55.047619 714 38.281250 765 44.478764 848 51.709402 894 31.764706 958 63.533835
103 32.467532 195 47.642680 241 38.243902 247 51.020408 248 49.030644 250 44.307692 252 62.782609 255 32.760033 370 51.428571 550 34.873583 565 45.714286 582 36.000000 584 56.470588 765 46.944444 848 48.987854 894 30.000000 909 38.961039 958 65.937763
195 35.208333 247 31.347461 248 43.005952 249 44.307692 252 52.939568 253 30.046948 370 52.339846 565 44.453782 582 30.906769 584 53.979592 714 32.142857 848 32.095491 909 37.082691 958 48.387097
316 39.315438
103 38.331854 195 57.544757 241 34.844444 247 46.583851 248 57.341270 249 62.782609 250 52.939568 253 36.621668 254 34.920635 255 33.893557 370 60.880503 550 36.011905 565 38.844086 582 42.680776 584 69.973545 714 38.612368 765 47.087087 848 54.870130 894 31.471282 909 42.251462 958 60.076628
103 31.924439 250 30.046948 252 36.621668 370 30.440252 565 30.917874 584 35.313752 909 35.285815
195 31.604938 248 30.740038 252 34.920635 584 37.647059 714 34.285714 848 43.548387 958 37.101449
195 36.160714 247 32.760033 249 32.760033 252 33.893557 765 41.868512 848 42.187500
714 37.869822
427 39.673469 1004 42.822076
357 30.246914 394 30.117647 718 39.130435 764 37.121212 874 51.200000 926 42.421383
206 45.996674 322 39.095023 555 40.663726 643 55.718356 659 58.584409 700 51.377194 724 42.643923 734 41.211102 775 34.141414 806 46.505495 809 36.290323 967 51.509054 974 48.537815 976 51.062092 980 37.555556 984 54.645874 988 42.074592
715 35.164835
264 42.753515 925 39.315438
245 31.111111
45 41.223833 64 55.652174 214 35.636364 551 35.904628 574 53.002070 600 40.909091 689 32.000000 790 55.172414 912 49.494949 942 56.250000
261 42.753515 265 30.769231 925 31.351012
264 30.769231
269 30.117647
268 36.778116 489 33.218943 551 30.287860 600 37.286266 961 56.267943
267 36.778116 489 30.246914
266 30.117647
271 39.315438 272 35.829728 284 38.585861
270 39.315438 272 60.980738 284 51.914982 342 39.315438
270 35.829728 271 60.980738 284 72.058824 342 35.829728
274 52.825241
273 52.825241 759 33.036807
182 33.036807 190 48.453983
72 33.036807 102 34.027778 104 35.273369 216 33.036807 217 34.453058 277 61.728395 283 33.036807 367 51.200000 441 38.942308
72 48.784590 102 46.545455 104 45.023256 215 45.023256 216 38.253145 217 33.540373 245 32.894737 276 61.728395 283 38.253145 367 40.000000 441 50.505051 442 39.130435 443 34.224599 524 43.097643 868 38.253145
140 32.000000 141 43.636364 279 41.739130 280 65.046120 281 32.000000 577 38.585861
140 37.762238 141 64.021164 278 41.739130 280 42.421383 281 49.387755 577 42.421383 753 33.036807
140 32.523060 141 44.349628 278 65.046120 279 42.421383 281 32.523060 577 39.315438
140 54.293629 141 63.000932 278 32.000000 279 49.387755 280 32.523060 558 30.681818 577 32.523060
8 34.547908 9 32.820513 106 35.294118 110 32.080201 358 51.851852 773 44.642857
72 52.825241 105 33.441080 158 39.315438 180 33.441080 216 39.315438 245 45.425609 276 33.036807 277 38.253145 367 42.753515 441 33.644545 868 39.315438
270 38.585861 271 51.914982 272 72.058824 342 38.585861
223 49.627792 430 40.500000 506 51.282051 507 74.691358 697 44.349628 830 54.320988
487 34.655372 488 40.601504 576 30.585424 622 38.658777 642 37.960784 649 31.410256 733 30.099941 742 36.819172 744 38.922559 784 35.276968 973 33.268356 989 33.962264 991 32.656023 992 32.329029 994 35.116598 999 31.446541
288 45.425609 289 84.615385 290 33.441080 696 45.425609 750 33.441080 820 33.441080 889 77.142857 890 33.441080
287 45.425609 289 36.340487 696 52.825241 889 42.753515
287 84.615385 288 36.340487 696 36.340487 889 64.285714
287 33.441080 889 31.351012
619 38.647343 886 30.352304
298 40.378319 299 61.250000
547 40.378319 586 39.315438 808 39.315438
376 51.851852 399 47.058824 400 68.055556
742 32.760033
297 67.878788 318 72.830725 374 31.372549 398 35.310345
296 67.878788 318 60.357143 398 44.505495
292 40.378319 299 65.046120 351 38.585861
292 61.250000 298 65.046120 351 37.869822
374 30.476190 502 35.829728 888 35.829728
593 30.959752
309 41.880342 310 36.296296 335 60.493827 590 60.493827 709 47.342995 964 69.097377
304 39.315438 305 52.825241 660 39.315438 704 52.825241
303 39.315438 305 39.315438 704 39.315438
303 52.825241 304 39.315438 660 39.315438 704 52.825241
307 39.315438 338 39.315438 690 39.315438
306 39.315438 338 39.315438 690 39.315438
497 49.750111 498 40.000000
302 41.880342 310 30.585424 335 49.902534 590 49.902534 709 39.506173 964 47.836645
302 36.296296 309 30.585424 335 43.463497 590 43.463497 709 34.408602 964 41.458426
203 37.426901 364 83.660131 804 72.058824 814 40.909091 938 72.058824 959 84.864413
870 37.869822
408 48.784590 670 39.315438
206 30.736484 488 35.421687 555 37.733377 556 38.897059 559 32.400000 562 51.264080 576 36.078431 622 32.020013 642 53.432282 643 35.573123 651 45.252525 659 36.678363 688 60.970464 700 35.318704 724 32.413019 733 44.275736 742 39.512195 744 34.231921 752 34.840265 762 34.030026 771 39.063761 779 49.303905 800 49.642492 806 31.471282 960 53.214134 967 30.736484 973 55.113288 979 42.445620 982 50.413390 984 39.393939 985 35.481635 988 39.357430 989 47.892720 991 51.193820 992 40.650407 994 48.011364 999 33.071517
433 35.571688 543 31.351012 591 36.764706 618 31.351012 769 36.764706
251 39.315438
371 73.161928 385 67.820069 386 51.674641 431 60.681115 533 71.111111
296 72.830725 297 60.357143 363 39.062500 374 30.252101 398 34.133333
545 31.561997 823 30.246914
785 34.401053
88 30.864198 246 44.081633 499 30.864198 639 38.518519 708 32.679739
259 39.095023 323 37.257547 555 30.241935 643 38.866397 659 37.121212 700 42.409639 724 40.188383 734 33.698903 806 36.030964 967 37.996289 974 33.939723 976 38.533333 984 41.928721 988 31.947070
322 37.257547
341 39.315438 460 39.315438 461 38.585861
208 53.524492 770 36.075036 851 32.434861
753 35.829728
487 36.363636
722 45.187166 767 62.132353 768 36.136734 782 39.062500 863 32.694764 879 44.638187 883 44.137931
500 33.333333
832 31.351012
122 38.095238 594 31.034483 639 31.746032 904 32.579186
558 32.268908
896 35.829728 905 38.585861 910 38.585861
190 35.829728
302 60.493827 309 49.902534 310 43.463497 590 70.914127 709 56.140351 964 69.097377 965 35.294118
667 65.662943 793 32.544512 934 31.228916
344 49.019608 403 37.191651 537 37.191651
306 39.315438 307 39.315438 690 39.315438
905 32.467532
341 66.109340 459 51.352200 460 66.109340 461 65.046120 930 66.109340
324 39.315438 340 66.109340 459 51.352200 460 78.924540 461 77.734549 930 66.109340
271 39.315438 272 35.829728 284 38.585861
225 30.000000
96 38.888889 167 46.296296 337 49.019608 403 74.141876 404 44.444444 405 55.411255 508 33.333333 537 64.646465 841 36.000000
678 31.250000 679 36.340487
524 36.467236 841 30.000000
416 31.030303
502 37.689478
357 61.224490 394 47.804878 718 33.910035 764 43.243243 874 30.340557 926 36.580964
502 36.340487 888 36.340487
298 38.585861 299 37.869822
374 36.828645
95 51.931716 552 58.082813
31 61.935484 230 41.797283 355 62.051282 428 69.875223 491 61.935484 492 64.015152 493 64.015152 494 59.937565 685 59.970015 822 47.642680 924 64.071190 936 45.977011 965 30.153846
31 64.190981 230 42.187500 354 62.051282 428 73.160173 491 71.111111 492 73.160173 493 73.160173 494 62.051282 685 69.565217 822 48.987854 924 73.563218 936 46.551724 953 36.340487 965 42.809365
238 30.476190 239 39.130435 564 45.878136 566 42.857143 567 39.756592 569 39.215686 570 32.653061 571 35.555556 572 50.000000 731 47.368421
258 30.246914 349 61.224490 394 47.368421 718 42.701525 764 46.551724 874 30.769231 926 37.526608
8 46.095238 106 37.333333 110 32.760364 191 51.851852 282 51.851852 773 37.593985
539 38.253145
372 33.611111 473 31.962175 553 31.264368 818 30.492653 850 30.492653 972 34.911325
38 35.842294 475 54.000000 476 32.880435 545 49.627792 823 47.789725
544 40.378319 592 36.296296 593 64.031621 692 50.793651 705 40.833333 941 40.378319
318 39.062500
203 39.628483 311 83.660131 804 76.562500 814 43.636364 938 76.562500 959 89.856437
58 41.223833 60 39.676113 221 52.674897 366 82.720588 452 74.242424 703 41.880342 774 30.283740 788 52.674897 831 59.970015 927 74.322581 928 76.637341
58 37.121212 60 42.982456 221 65.587045 365 82.720588 452 72.688172 703 53.894737 774 33.036807 788 56.888889 831 64.412238 927 79.448276 928 81.581686
72 42.753515 105 36.764706 158 31.351012 180 36.764706 216 42.753515 217 31.219512 245 36.764706 276 51.200000 277 40.000000 283 42.753515 441 34.385965 627 31.351012 868 31.351012
202 39.315438
630 48.453983 796 30.283740 834 52.825241 835 66.109340
103 33.540373 195 45.687646 239 30.864198 247 55.072464 248 53.820598 249 51.428571 250 52.339846 252 60.880503 253 30.440252 564 32.914286 565 56.689342 582 36.583522 584 58.666667 714 32.736573 765 36.819172 848 42.666667 894 34.909091 909 33.862434 958 56.603774
317 73.161928 385 73.161928 386 40.121057 431 65.460673 533 65.460673
122 35.897436 360 33.611111 639 36.781609
635 30.769231 645 31.351012 647 31.351012
296 31.372549 300 30.476190 318 30.252101 352 36.828645 502 33.441080 626 33.441080 888 33.441080
393 36.764706 727 36.828645 751 33.441080 821 33.441080
294 51.851852 399 58.181818 400 48.000000 504 35.460993 539 48.784590
40 30.959752 131 66.758621 136 44.444444 378 50.592885
39 38.735178 124 38.735178 131 71.111111 133 31.801242 136 42.424242 139 36.340487 210 38.735178 377 50.592885 957 46.461515
895 33.441080
100 35.829728
595 40.500000 865 49.846154 866 39.506173 935 45.248869 962 40.500000
113 42.322206 444 39.700477
867 35.897436
123 30.536420
317 67.820069 371 73.161928 386 37.191651 431 60.681115 533 60.681115
317 51.674641 371 40.121057 385 37.191651 431 33.276740 533 40.000000
388 86.720867
387 86.720867 533 32.236842 847 31.473929
93 31.168831
93 41.806452
535 39.315438
393 70.144928 677 30.283740 821 30.283740
375 36.764706 392 70.144928 727 34.782609 821 31.351012
258 30.117647 349 47.804878 357 47.368421 764 38.571429 926 30.490369
126 37.869822
435 30.476190
42 32.080201
296 35.310345 297 44.505495 318 34.133333
294 47.058824 376 58.181818 400 53.333333 539 31.351012
294 68.055556 376 48.000000 399 53.333333
444 30.569643 540 30.964977 931 47.576367
1 32.820513 409 32.820513 667 33.180147 934 37.537538
96 39.130435 167 48.721805 337 37.191651 344 74.141876 404 54.901961 405 67.724868 537 79.012346 841 35.087719
167 34.224599 344 44.444444 403 54.901961 405 46.666667 537 54.901961
96 40.833333 167 42.077922 191 34.722222 344 55.411255 403 67.724868 404 46.666667 537 57.647059
407 33.441080 464 33.441080
406 33.441080 464 39.315438
313 48.784590 670 48.784590
402 32.820513 625 34.108527
419 64.000000 420 75.294118 421 65.460673 422 65.460673 423 65.460673 424 76.377972
412 35.507246
411 35.507246
922 38.181818
171 36.000000 243 32.894737 415 37.333333
171 80.764636 414 37.333333
347 31.030303 418 43.688587
36 39.745628
416 43.688587 564 31.826742
410 64.000000 420 75.294118 421 65.460673 422 65.460673 423 65.460673 424 76.377972
410 75.294118 419 75.294118 421 77.734549 422 77.734549 423 77.734549 424 89.856437
410 65.460673 419 65.460673 420 77.734549 422 78.924540 423 78.924540 424 78.924540
410 65.460673 419 65.460673 420 77.734549 421 78.924540 423 78.924540 424 78.924540
410 65.460673 419 65.460673 420 77.734549 421 78.924540 422 78.924540 424 78.924540
410 76.377972 419 76.377972 420 89.856437 421 78.924540 422 78.924540 423 78.924540
470 47.368421
705 30.864198
29 31.805274 113 37.380801 257 39.673469 440 54.692021 444 37.702045 607 30.402299 636 30.005274 650 30.866942 1003 34.642364
31 66.080156 230 51.428571 354 69.875223 355 73.160173 491 72.058824 492 79.012346 493 79.012346 494 69.875223 685 65.053763 822 51.212121 924 74.383302 936 50.364204 965 35.164835
519 39.315438
223 33.750000 285 40.500000 506 40.404040 507 39.324117 697 41.458426 830 43.137255
317 60.681115 371 65.460673 385 60.681115 386 33.276740 533 54.293629
196 49.000000 437 38.095238 438 54.444444 445 31.612903 939 42.105263
50 39.416910 315 35.571688
37 31.561997 38 34.449761 448 42.666667
41 35.829728 42 31.160572 396 30.476190 825 37.037037
807 33.103448
196 38.095238 432 38.095238 438 35.125448 445 34.602076
196 73.636364 432 54.444444 437 35.125448 445 35.125448 939 57.309942
741 38.585861 772 38.400000
113 30.311373 427 54.692021 444 37.285128 650 30.525031 1003 32.907389 1004 32.674544
72 33.644545 215 63.219512 217 53.584511 245 36.296296 276 38.942308 277 50.505051 283 33.644545 367 34.385965 442 56.390977 443 57.766367
215 73.167045 217 60.367893 277 39.130435 441 56.390977 443 74.005550
215 70.814934 217 57.754011 277 34.224599 441 57.766367 442 74.005550
113 68.207624 382 39.700477 401 30.569643 427 37.702045 440 37.285128 606 48.380748 758 35.711631 780 35.788235
196 38.095238 222 30.252101 432 31.612903 437 34.602076 438 35.125448 785 30.165913
447 52.825241
446 52.825241
37 39.766082 38 44.798407 434 42.666667
177 39.315438 450 39.315438
449 39.315438
192 37.869822
58 35.636364 60 41.263158 221 54.700855 365 74.242424 366 72.688172 674 31.600424 703 51.821862 774 31.600424 788 54.700855 831 76.800000 927 76.800000 928 85.227273
81 32.951945 654 37.894737 836 54.444444
891 35.829728
51 46.376812 153 66.483516 456 35.714286 457 36.340487 480 36.340487 495 58.581236
153 32.467532 455 35.714286 457 51.914982 495 44.642857
153 33.036807 455 36.340487 456 51.914982 495 45.425609
602 48.453983
40 42.105263 131 31.578947 134 30.625000 340 51.352200 341 51.352200 460 51.352200 461 50.526316 930 51.352200
324 39.315438 340 66.109340 341 78.924540 459 51.352200 461 77.734549 930 66.109340
324 38.585861 340 65.046120 341 77.734549 459 50.526316 460 77.734549 930 65.046120
735 32.352941
684 34.408602 806 34.141414 933 31.761787
406 33.441080 407 39.315438
78 32.951945 80 33.862434 529 44.582043
467 39.315438
466 39.315438
114 45.425609 199 38.585861
189 39.315438 470 60.980738
188 30.476190 189 60.980738 425 47.368421 469 60.980738 471 35.829728
470 35.829728
898 32.679739 913 48.761905 956 32.679739
360 31.962175 818 36.301252
52 40.431267 140 32.000000 766 31.334623 776 32.775920 961 31.410256
38 32.996633 43 32.579186 220 40.829346 361 54.000000 476 47.826087 545 64.800000 641 33.441080 823 70.546737
361 32.880435 475 47.826087 545 38.969404 823 42.259721
786 31.351012
71 34.086957 785 39.635996
906 31.250000
455 36.340487 495 33.441080
482 51.926978 483 46.460980 484 44.493882 485 52.674463 486 51.926978
481 51.926978 483 79.256966 484 55.773420 485 89.856437 486 76.562500 488 32.040050
481 46.460980 482 79.256966 484 49.902534 485 80.397865 486 68.055556
481 44.493882 482 55.773420 483 49.902534 485 56.576275 486 47.115385 487 35.851852
481 52.674463 482 89.856437 483 80.397865 484 56.576275 486 77.734549 487 30.335434 488 32.501264
481 51.926978 482 76.562500 483 68.055556 484 47.115385 485 77.734549 488 32.040050
286 34.655372 327 36.363636 484 35.851852 485 30.335434 488 50.219711 992 31.304348 993 35.851852
286 40.601504 314 35.421687 482 32.040050 485 32.501264 486 32.040050 487 50.219711 556 50.377309 562 44.906621 576 32.766440 642 39.684921 651 39.302383 688 38.900862 733 40.475588 742 43.859649 744 50.689655 752 30.524642 762 33.333333 771 38.227513 779 31.514622 960 37.878788 973 35.591133 978 35.851852 979 36.111111 985 30.250000 989 42.899702 991 38.227513 992 42.314050 994 46.756283 999 36.862245
52 46.153846 53 38.095238 267 33.218943 268 30.246914 961 48.039216
27 39.315438
31 70.343392 56 42.016807 229 31.055901 230 54.857143 354 61.935484 355 71.111111 428 72.058824 492 83.660131 493 77.922078 494 80.213904 685 62.111801 822 54.516129 924 85.227273 936 47.619048 955 31.600424 965 44.444444
31 72.058824 56 33.855799 230 51.428571 354 64.015152 355 73.160173 428 79.012346 491 83.660131 493 84.441198 494 75.630252 685 65.053763 822 56.241033 924 80.357143 936 50.364204 965 41.379310
31 77.922078 230 51.428571 354 64.015152 355 73.160173 428 79.012346 491 77.922078 492 84.441198 494 75.630252 685 72.000000 822 56.241033 924 80.357143 936 50.364204 955 37.526608 965 47.619048
31 68.145161 56 35.064935 230 58.680556 354 59.937565 355 62.051282 428 69.875223 491 80.213904 492 75.630252 493 75.630252 685 59.970015 822 52.812500 924 76.637341 936 45.977011 965 42.857143
153 53.894737 455 58.581236 456 44.642857 457 45.425609 480 33.441080
497 44.419742 657 35.000000
308 49.750111 496 44.419742 498 65.046120
308 40.000000 497 65.046120
120 30.857143 321 30.864198 508 36.296296 639 30.421119 850 30.409357
242 31.351012 329 33.333333
587 39.756592 679 34.846136 720 47.507331
300 35.829728 348 37.689478 350 36.340487 374 33.441080 888 39.315438
716 31.351012
376 35.460993
636 34.256152
223 54.545455 285 51.282051 430 40.404040 507 43.537415 697 37.526608 830 58.528139
223 49.090909 285 74.691358 430 39.324117 506 43.537415 697 40.378319 830 47.507331
344 33.333333 499 36.296296 840 33.395176
517 45.425609
514 38.253145 518 33.441080
514 33.540373
513 40.419580 514 37.037037 818 30.508475
512 40.419580 514 34.722222
510 38.253145 511 33.540373 512 37.037037 513 34.722222 518 32.894737 546 48.784590 829 48.000000 908 38.253145
516 45.000000 711 38.253145
515 45.000000 711 48.453983 728 32.653061
509 45.425609 518 33.441080
510 33.441080 514 32.894737 517 33.441080
429 39.315438
568 38.571429 653 30.283740
196 32.666667
743 30.540827
183 36.136734 212 41.458426 213 41.458426 526 33.614940
277 43.097643 346 36.467236 841 50.310559
764 40.961338 869 35.342799
54 30.697279 211 34.937611 212 43.669251 213 43.669251 523 33.614940
52 33.137255 80 43.097643 759 39.724138 766 41.156463 776 36.130068
542 32.399937
78 70.546737 80 31.111111 465 44.582043
63 39.315438 749 39.315438
617 34.086957
635 38.585861
317 71.111111 371 65.460673 385 60.681115 386 40.000000 388 32.236842 431 54.293629
589 31.351012 706 31.351012 849 31.351012
391 39.315438
605 32.820513
96 30.303030 167 41.830065 337 37.191651 344 64.646465 403 79.012346 404 54.901961 405 57.647059
632 39.315438
359 38.253145 376 48.784590 399 31.351012 663 40.378319
401 30.964977 595 31.413043 1003 33.415842
861 38.888889 902 32.820513
528 32.399937 1003 31.004205
315 31.351012 769 33.441080
362 40.378319 593 38.253145 692 34.609988 705 33.036807
319 31.561997 361 49.627792 475 64.800000 476 38.969404 823 64.021164
514 48.784590 829 65.046120 908 39.315438
293 40.378319
699 38.253145 845 48.000000 846 30.000000
874 30.769231
248 31.764706 249 34.873583 252 36.011905 584 30.007502 958 31.818182
45 47.450980 64 34.385965 142 48.403361 214 31.761787 263 35.904628 267 30.287860 574 39.324117 600 60.728745 689 39.239239 790 64.209664 912 50.625000 942 67.063492 961 39.952719
95 49.571184 353 58.082813
360 31.264368 850 31.334932
183 35.555556 205 60.000000
206 45.996674 259 40.663726 314 37.733377 322 30.241935 562 32.713147 624 33.758440 642 43.783784 643 42.502952 659 46.107456 672 43.344482 688 31.648352 700 46.981273 724 39.779614 775 34.141414 800 37.722048 806 51.824212 809 36.290323 967 48.755760 976 40.533088 982 39.876923 984 49.880260 988 51.014493 989 37.619739 992 36.940837 994 30.099941
244 36.010003 314 38.897059 488 50.377309 562 46.033966 576 34.322034 642 45.346302 651 48.556375 688 43.108504 733 39.148520 742 42.293233 744 42.976190 752 36.550117 762 46.351243 771 36.909323 779 35.125448 800 35.591133 932 31.372549 960 46.736387 973 42.999194 978 34.472934 979 38.525799 982 30.988142 989 47.690015 991 46.016681 992 37.375415 993 31.025641 994 42.222222 997 34.767184 999 38.537021
816 39.315438
140 60.728745 141 34.408602 281 30.681818 332 32.268908
314 32.400000 562 33.702624 622 31.266150 642 32.000000 688 44.240196 744 33.418585 771 30.044444 800 42.128280 979 33.105335 982 33.382716 985 30.721966 988 32.657005 989 34.782609 991 36.824877 992 36.639566 994 36.130068
824 35.027027 857 30.268918 863 36.297641 864 38.054968 883 47.846890
970 66.109340 971 51.914982
314 51.264080 488 44.906621 555 32.713147 556 46.033966 559 33.702624 576 42.745826 622 33.088235 642 48.682877 651 40.989148 688 53.035684 733 46.887463 742 44.520783 744 43.751412 752 30.003827 771 38.452295 779 41.896552 800 42.316940 960 53.542510 973 40.973545 982 30.917874 985 36.764706 988 33.028571 989 39.850560 991 41.099720 992 39.681568 994 48.261416 997 31.512605 999 32.023721
736 31.250000
239 38.942308 356 45.878136 370 32.914286 418 31.826742 565 39.473684 567 64.011380 570 31.034483 571 37.402597 572 41.290323 731 32.666667 1006 38.431373
239 30.867347 241 32.282472 247 32.410087 248 30.671506 249 45.714286 250 44.453782 252 38.844086 253 30.917874 370 56.689342 564 39.473684 567 36.911488 584 40.336134 909 35.467980 958 37.426901
239 37.121212 356 42.857143 567 30.721003 570 33.333333 572 46.889952 731 36.090226
237 30.476190 239 52.380952 356 39.756592 564 64.011380 565 36.911488 566 30.721003 571 47.342995 572 49.769585 731 54.347826 1006 39.756592
151 44.137931 152 49.090909 520 38.571429 652 38.888889 655 36.842105
356 39.215686
239 30.303030 356 32.653061 564 31.034483 566 33.333333
239 30.393996 356 35.555556 564 37.402597 567 47.342995 572 32.000000 731 35.920177
237 30.769231 239 51.200000 356 50.000000 564 41.290323 566 46.889952 567 49.769585 571 32.000000 731 60.952381
876 34.408602
45 45.149912 64 51.578947 214 31.578947 263 53.002070 551 39.324117 600 38.095238 689 30.055659 790 52.597403 912 44.582043 942 53.002070
968 38.585861
286 30.585424 314 36.078431 488 32.766440 556 34.322034 562 42.745826 622 30.151650 642 31.343284 651 30.223881 688 37.296037 733 33.659674 742 35.315315 744 33.980012 752 30.151650 771 31.162508 800 38.302387 960 36.702509 973 37.025641 977 33.103448 979 31.826742 989 35.286935 991 36.818182 994 38.974359 997 38.409602 999 32.766440
141 54.076208 278 38.585861 279 42.421383 280 39.315438 281 32.523060 753 39.315438 777 39.315438
748 46.883117 859 56.825749
81 33.036807 836 33.441080
94 38.095238
103 31.712474 713 36.923077
195 66.359447 247 30.476190 248 43.956044 249 36.000000 250 30.906769 252 42.680776 370 36.583522 584 40.740741 714 43.636364 765 34.408602 848 46.376812 958 31.168831
975 37.037037
103 42.519267 195 50.548034 241 36.764706 247 40.685003 248 55.047619 249 56.470588 250 53.979592 252 69.973545 253 35.313752 254 37.647059 370 58.666667 550 30.007502 565 40.336134 582 40.740741 714 36.728838 765 40.821256 848 47.407407 894 30.007502 909 43.813387 958 57.520176
852 35.920177
293 39.315438 808 39.315438
501 39.756592
826 38.585861
534 31.351012 706 52.825241 849 52.825241
302 60.493827 309 49.902534 310 43.463497 335 70.914127 709 56.140351 964 69.097377 965 35.294118
315 36.764706 769 39.062500
74 36.923077 362 36.296296 593 41.558442 692 31.561997 705 36.571429 966 37.526608
301 30.959752 362 64.031621 544 38.253145 592 41.558442 692 56.347826 705 31.304348
331 31.034483
381 40.500000 540 31.413043 691 45.546559 865 44.893378 866 36.160714 935 50.750751 962 47.020408
228 32.653061
599 32.679739
605 32.820513
597 32.679739
45 46.095238 64 33.276740 142 41.904762 214 42.016807 263 40.909091 267 37.286266 551 60.728745 574 38.095238 689 45.714286 790 73.142857 912 42.105263 942 65.250965 961 42.982456
44 35.164835 605 37.869822
458 48.453983
812 33.939394
44 30.303030 228 36.651584
228 30.967742 536 32.820513 598 32.820513 601 37.869822
113 42.143600 444 48.380748 607 53.015363 780 32.267972
113 30.873846 427 30.402299 606 53.015363
609 66.109340 610 51.914982 611 39.315438 612 78.924540 613 66.109340
168 38.585861 608 66.109340 610 38.585861 611 39.315438 612 66.109340 613 66.109340
608 51.914982 609 38.585861 612 51.914982 613 38.585861
608 39.315438 609 39.315438 612 52.825241 613 66.109340
608 78.924540 609 66.109340 610 51.914982 611 52.825241 613 78.924540
608 66.109340 609 66.109340 610 38.585861 611 66.109340 612 78.924540
693 39.315438 730 38.585861
784 34.782609
972 32.040050
531 34.086957
315 31.351012
291 38.647343 886 38.961039
648 55.344172 722 39.613153 857 33.619211 871 36.750000 872 46.915584 879 35.526316 917 42.264151
708 41.523342 972 32.040050
286 38.658777 314 32.020013 559 31.266150 562 33.088235 576 30.151650 642 31.614696 651 31.908832 688 37.500000 733 39.643825 742 34.632035 744 31.770546 752 32.653061 771 31.770546 784 31.030303 800 37.929366 960 33.611111 973 32.943470 978 38.117647 988 38.672769 989 37.061404 991 39.416792 994 31.135135 995 30.625000 999 30.524642
164 40.378319 166 39.315438 729 52.825241
206 45.873016 555 33.758440 643 37.960784 659 38.314176 700 32.934473 724 41.039672 806 50.366236 967 38.759690 984 43.272400
409 34.108527
374 33.441080
180 33.441080 367 31.351012
943 31.080031 949 31.034483 950 32.352941
732 39.315438
369 48.453983 834 48.453983 835 48.453983
871 35.689086 879 35.929865
538 39.315438
921 66.109340
635 38.585861
373 30.769231 532 38.585861 634 38.585861 644 38.585861 645 38.585861 646 38.585861 647 51.914982 666 37.869822 668 38.585861
427 30.005274 505 34.256152 844 43.554007 969 30.306954 1003 43.408072
710 52.723312
141 34.408602
122 35.380835 321 38.518519 331 31.746032 372 36.781609 499 30.421119 708 32.159468
896 31.746032 905 34.013605 910 34.013605
475 33.441080
206 37.338476 244 35.040724 286 37.960784 314 53.432282 488 39.684921 555 43.783784 556 45.346302 559 32.000000 562 48.682877 576 31.343284 622 31.614696 643 35.190616 651 48.999592 659 30.879447 672 37.467566 688 51.612903 700 31.156187 733 48.112128 742 44.830485 744 36.206897 752 34.404762 762 33.604651 771 36.206897 779 39.160839 800 46.741573 806 37.853309 960 47.316637 973 36.153128 979 30.364372 982 42.178649 984 41.012658 985 38.026316 989 44.886032 991 41.007752 992 45.552941 994 47.471910 999 37.338476
206 43.338861 259 55.718356 314 35.573123 322 38.866397 555 42.502952 624 37.960784 642 35.190616 659 70.401003 700 64.421114 724 51.687508 734 58.040028 800 31.115397 806 57.294430 809 35.555556 967 53.539823 974 69.791452 976 54.626533 984 68.545513 988 43.236329
635 38.585861 646 39.315438 647 39.315438
373 31.351012 635 38.585861 647 39.315438
635 38.585861 644 39.315438 647 39.315438
373 31.351012 635 51.914982 644 39.315438 645 39.315438 646 39.315438
620 55.344172 722 36.580087 855 30.246914 872 44.469654 879 33.532042 883 34.594595 917 37.812500
286 31.410256 688 30.612245 973 32.798834 975 39.525692
427 30.866942 440 30.525031
244 31.710301 314 45.252525 488 39.302383 556 48.556375 562 40.989148 576 30.223881 622 31.908832 642 48.999592 688 48.262548 733 44.453019 742 43.787879 744 37.920168 752 35.156250 762 37.509158 771 37.920168 779 31.111111 800 33.935585 960 38.076416 973 43.281914 979 37.006579 982 32.820513 985 35.555556 989 42.160738 991 43.448276 992 32.703488 994 45.446009 999 36.612576
151 47.058824 152 44.582043 568 38.888889 655 47.058824 884 44.582043
520 30.283740
81 46.545455 453 37.894737 673 37.593985 836 70.434783 892 38.253145
151 44.444444 152 51.578947 568 36.842105 652 47.058824 884 42.105263
798 44.444444
496 35.000000 970 40.378319 971 39.682540
975 32.679739
206 51.531863 259 58.584409 314 36.678363 322 37.121212 555 46.107456 624 38.314176 642 30.879447 643 70.401003 700 62.848490 724 53.910256 734 54.763659 775 34.270415 806 58.080000 809 38.160677 967 58.272870 974 57.627119 976 50.840277 980 31.222620 982 32.922937 984 66.945440 988 44.418739 992 30.582011
303 39.315438 305 39.315438 704 39.315438
157 31.334623
708 30.769231
539 40.378319
724 32.727273 775 36.296296 806 33.444816 967 30.681818
82 33.714880
635 37.869822 668 38.585861
336 65.662943 402 33.180147 717 31.601968 735 34.711538 793 38.402458 934 37.518319
635 38.585861 666 38.585861
169 31.080031
313 39.315438 408 48.784590
694 33.103448 827 38.585861
206 31.707317 555 43.344482 642 37.467566 681 35.027027 688 31.638418 700 30.224321 806 36.719706 967 35.220126 982 36.639566 984 37.230274 988 39.716312 992 36.000000
654 37.593985 836 44.642857 892 38.585861
452 31.600424 703 33.441080 928 33.036807
676 38.585861
675 38.585861 701 38.585861 721 38.585861 747 65.046120 851 35.854342 896 35.164835 905 51.020408 910 37.869822 929 32.820513
392 30.283740
345 31.250000 679 45.425609 720 34.722222
161 37.526608 345 36.340487 501 34.846136 678 45.425609 720 51.352200
1001 31.764706
672 35.027027 775 31.561997 967 31.397174
702 42.735043 861 30.857143 863 33.061224 864 32.704403 870 37.121212 872 38.866397 880 38.866397 882 32.996633 883 44.081633 902 37.121212 920 30.490369
241 34.224599
206 31.397174 463 34.408602 806 38.095238 984 32.142857
31 69.540230 230 46.022727 354 59.970015 355 69.565217 428 65.053763 491 62.111801 492 65.053763 493 72.000000 494 59.970015 822 53.070175 924 64.412238 936 43.537415 965 39.200000
33 35.273369
15 57.393636 16 66.109340 787 39.315438 837 77.734549 838 46.064918 887 51.914982 954 78.924540
314 60.970464 488 38.900862 555 31.648352 556 43.108504 559 44.240196 562 53.035684 576 37.296037 622 37.500000 642 51.612903 649 30.612245 651 48.262548 672 31.638418 733 41.877569 742 50.174216 744 48.975462 752 44.393241 771 43.184885 779 46.551724 800 55.803571 960 47.005208 973 45.865909 979 43.043296 982 44.240196 984 34.188034 985 41.666667 988 37.290323 989 41.782407 991 57.603687 992 44.720497 994 45.300462 997 35.714286 999 36.090226
142 48.120301 263 32.000000 551 39.239239 574 30.055659 600 45.714286 790 48.128342 912 38.095238 942 41.025641 961 30.246914
306 39.315438 307 39.315438 338 39.315438
595 45.546559 865 49.588868 866 37.919684 935 52.213189 962 53.518519
362 50.793651 544 34.609988 592 31.561997 593 56.347826
614 39.315438 730 38.585861
671 33.103448
697 38.585861
287 45.425609 288 52.825241 289 36.340487 889 42.753515
285 44.349628 430 41.458426 506 37.526608 507 40.378319 695 38.585861 830 42.888027
92 30.917874 181 32.791328
548 38.253145 845 51.914982 846 31.600424
206 47.816092 259 51.377194 314 35.318704 322 42.409639 555 46.981273 624 32.934473 642 31.156187 643 64.421114 659 62.848490 672 30.224321 724 52.597403 734 43.656668 775 33.834586 806 61.787234 809 38.151310 967 59.689441 974 57.820590 976 58.724014 982 35.392157 984 64.826038 988 50.120289 992 32.934473
676 38.585861 721 39.315438 747 39.315438 905 38.585861 929 33.441080
682 42.735043 855 38.502674 857 38.461538 872 30.476190 878 34.609988 883 36.363636 902 43.636364
58 31.250000 60 36.764706 221 52.941176 365 41.880342 366 53.894737 452 51.821862 674 33.441080 774 33.441080 788 52.941176 831 54.444444 927 54.444444 928 62.307692
303 52.825241 304 39.315438 305 52.825241 660 39.315438
74 32.467532 362 40.833333 426 30.864198 544 33.036807 592 36.571429 593 31.304348 966 33.036807
534 31.351012 589 52.825241 849 52.825241
1000 39.315438
69 39.215686 88 37.374517 321 32.679739 621 41.523342 639 32.159468 662 30.769231 743 30.165913 803 31.671554 818 39.113429 850 32.053106
302 47.342995 309 39.506173 310 34.408602 335 56.140351 590 56.140351 964 54.076208
637 52.723312
515 38.253145 516 48.453983 728 35.829728
900 30.287860
581 36.923077
195 38.400000 248 38.281250 250 32.142857 252 38.612368 254 34.285714 256 37.869822 370 32.736573 582 43.636364 584 36.728838 765 33.103448 848 45.714286 909 31.372549 958 35.714286
260 35.164835
503 31.351012
667 31.601968 793 35.773457 873 49.316940 934 36.993007
258 39.130435 349 33.910035 357 42.701525 764 52.406417 874 50.000000 926 60.980738
858 32.679739
161 43.537415 501 47.507331 678 34.722222 679 51.352200
676 38.585861 701 39.315438 747 39.315438 905 38.585861 929 33.441080
328 45.187166 620 39.613153 648 36.580087 767 52.794613 782 39.476089 864 35.573123 871 34.349324 872 42.493225 879 59.844156 880 30.325815 883 44.345898
742 36.730946 996 30.476190
206 48.426150 259 42.643923 314 32.413019 322 40.188383 555 39.779614 624 41.039672 643 51.687508 659 53.910256 664 32.727273 700 52.597403 734 40.690166 775 37.500000 806 64.136622 809 44.117647 967 57.845817 974 44.951712 976 42.346041 982 44.512899 984 55.913978 988 40.188383 992 33.648581
883 31.351012
122 35.294118
375 36.828645 393 34.782609 821 33.036807
516 32.653061 711 35.829728
164 40.378319 166 39.315438 623 52.825241
614 38.585861 693 38.585861
239 48.761905 356 47.368421 564 32.666667 566 36.090226 567 54.347826 571 35.920177 572 60.952381
240 35.829728 629 39.315438
286 30.099941 314 44.275736 488 40.475588 556 39.148520 562 46.887463 576 33.659674 622 39.643825 642 48.112128 651 44.453019 688 41.877569 742 48.630394 744 30.667865 752 36.290323 762 38.699924 771 36.251748 779 43.071042 800 40.475588 960 58.131868 973 36.464646 982 33.862434 985 33.137255 989 37.619739 991 44.726166 992 33.758440 994 41.173443 999 43.235294
206 38.946302 259 41.211102 322 33.698903 643 58.040028 659 54.763659 700 43.656668 724 40.690166 806 45.521602 967 40.626860 974 60.027413 976 43.324492 984 50.884073 988 33.698903
462 32.352941 667 34.711538
563 31.250000 893 50.000000
977 38.610039
767 37.996289
170 30.769231 901 36.764706
69 31.561997 803 35.555556
439 38.585861
244 33.531746 286 36.819172 295 32.760033 314 39.512195 488 43.859649 556 42.293233 562 44.520783 576 35.315315 622 34.632035 642 44.830485 651 43.787879 688 50.174216 723 36.730946 733 48.630394 744 41.547430 762 33.670034 771 41.547430 779 37.532468 794 31.111111 800 39.979602 932 35.904628 960 58.347578 973 38.525799 978 34.408602 982 37.402597 985 44.485294 986 44.021739 989 43.243243 991 45.546559 992 36.500754 993 36.160714 994 52.545455 999 43.859649
88 32.702703 218 32.558140 522 30.540827 708 30.165913
286 38.922559 314 34.231921 488 50.689655 556 42.976190 559 33.418585 562 43.751412 576 33.980012 622 31.770546 642 36.206897 651 37.920168 688 48.975462 733 30.667865 742 41.547430 771 33.284024 779 35.087719 800 38.227513 960 39.335664 973 49.054505 977 30.395137 978 32.733224 979 33.586006 987 32.526882 989 44.459691 991 42.842975 994 38.922559 999 38.227513
916 33.441080
160 31.955923
676 65.046120 701 39.315438 721 39.315438 905 38.585861 929 33.441080
578 46.883117 859 57.918552
63 39.315438 530 39.315438
287 33.441080 889 31.351012
375 33.441080
314 34.840265 488 30.524642 556 36.550117 562 30.003827 576 30.151650 622 32.653061 642 34.404762 651 35.156250 688 44.393241 733 36.290323 762 31.746032 771 35.578947 779 32.862644 784 31.030303 792 30.625000 800 41.666667 960 42.355890 973 47.454844 978 38.117647 979 34.632035 982 35.380835 989 33.122484 991 31.770546 992 34.472934 993 34.033613 994 31.135135
141 54.076208 279 33.036807 326 35.829728 577 39.315438
839 31.111111
793 36.332418 867 39.225182 881 30.188679 934 33.083271
960 31.578947 998 43.290043
148 39.315438 150 39.315438 833 39.315438
113 41.375380 444 35.711631
52 34.615385 77 37.762238 80 44.322344 185 32.467532 274 33.036807 527 39.724138 766 48.761905 776 35.273369
946 39.315438
853 34.722222 854 33.986928
314 34.030026 488 33.333333 556 46.351243 642 33.604651 651 37.509158 733 38.699924 742 33.670034 752 31.746032 771 30.934479 960 41.269841 973 35.636364 978 37.028571 979 38.473768 982 38.518519 989 32.250840 991 38.431373 992 37.894737 997 34.423898 999 44.329004
797 65.046120 899 34.013605 1007 65.046120 1008 38.585861
258 37.121212 349 43.243243 357 46.551724 394 38.571429 525 40.961338 718 52.406417 874 55.652174 926 56.534217
103 39.188672 195 53.087558 241 30.287860 247 51.680949 248 44.478764 249 46.944444 252 47.087087 255 41.868512 370 36.819172 582 34.408602 584 40.821256 714 33.103448 848 60.952381 894 33.750000 958 42.187500
52 47.003525 77 38.095238 80 39.803440 185 39.682540 474 31.334623 527 41.156463 759 48.761905 776 46.899225
82 37.327189 328 62.132353 722 52.794613 738 37.996289 778 47.115385 782 34.072581 824 32.775920 879 35.805085 883 39.676113
328 36.136734 883 31.351012
315 36.764706 543 33.441080 591 39.062500
208 43.150685 325 36.075036 918 31.610610
314 39.063761 488 38.227513 556 36.909323 559 30.044444 562 38.452295 576 31.162508 622 31.770546 642 36.206897 651 37.920168 688 43.184885 733 36.251748 742 41.547430 744 33.284024 752 35.578947 762 30.934479 779 40.016536 800 35.128645 960 39.335664 973 36.909323 978 32.733224 979 45.546559 989 34.615385 991 36.454254 992 47.572016 994 48.396854 999 32.051282
439 38.400000
191 32.820513 282 44.642857 358 37.593985
60 31.351012 221 35.829728 365 30.283740 366 33.036807 452 31.600424 703 33.441080 788 35.829728 928 42.421383
206 43.507214 259 34.141414 555 34.141414 659 34.270415 664 36.296296 681 31.561997 700 33.834586 724 37.500000 806 41.176471 809 38.095238 967 35.294118 976 36.580087 982 31.746032 984 34.937611 988 31.007752
52 45.592705 75 41.806452 77 32.159468 80 36.639566 185 31.410256 474 32.775920 527 36.130068 759 35.273369 766 46.899225
141 44.349628 577 39.315438
82 34.285714 767 47.115385 885 32.820513
314 49.303905 488 31.514622 556 35.125448 562 41.896552 642 39.160839 651 31.111111 688 46.551724 733 43.071042 742 37.532468 744 35.087719 752 32.862644 771 40.016536 800 33.898305 960 46.293639 973 44.563280 979 37.532468 982 38.461538 989 31.349782 991 47.438330 992 33.362193 994 39.349593 999 31.514622
92 32.960996 444 35.788235 606 32.267972
806 31.764706
328 39.062500 722 39.476089 767 34.072581 864 30.728336 870 31.034483 871 33.663711 872 33.482143 879 40.099420
208 30.421866
286 35.276968 615 34.782609 622 31.030303 752 31.030303 973 33.241758 993 31.410256
86 33.150106 165 34.090909 320 34.401053 445 30.165913 478 39.635996
477 31.351012
687 39.315438 954 39.315438
58 42.857143 60 39.215686 221 56.250000 365 52.674897 366 56.888889 452 54.700855 703 52.941176 774 35.829728 831 67.724868 927 67.724868 928 56.888889
69 30.246914
45 59.937565 64 55.102041 142 37.327189 214 49.261084 263 55.172414 551 64.209664 574 52.597403 600 73.142857 689 48.128342 912 65.681445 942 81.922675 961 40.392707
209 45.425609 856 30.246914
752 30.625000
1 30.139535 336 32.544512 667 38.402458 717 35.773457 755 36.332418 867 33.593601 934 49.352628 1003 33.315315
742 31.111111 899 32.727273
49 31.351012 813 33.036807
369 30.283740 834 30.283740 835 30.283740
763 65.046120 1007 66.109340 1008 39.315438
656 44.444444 801 32.653061 937 35.164835 978 40.909091 993 36.000000
812 35.591133
314 49.642492 555 37.722048 556 35.591133 559 42.128280 562 42.316940 576 38.302387 622 37.929366 642 46.741573 643 31.115397 651 33.935585 688 55.803571 733 40.475588 742 39.979602 744 38.227513 752 41.666667 771 35.128645 779 33.898305 960 41.373737 973 38.537021 977 33.379310 982 45.473684 984 35.065566 985 34.224599 988 47.877984 989 42.899702 991 44.458128 992 38.759690 994 40.601504 999 33.851240
798 32.653061
48 48.453983 944 35.829728 945 35.829728 946 48.453983 947 35.829728 948 35.829728
69 30.476190 708 31.671554 740 35.555556 904 30.252101 907 33.793103
203 33.108108 311 72.058824 364 76.562500 814 43.636364 938 64.000000 959 77.734549
1004 41.556757
206 55.411255 259 46.505495 314 31.471282 322 36.030964 463 34.141414 555 51.824212 624 50.366236 642 37.853309 643 57.294430 659 58.080000 664 33.444816 672 36.719706 684 38.095238 700 61.787234 724 64.136622 734 45.521602 775 41.176471 781 31.764706 809 50.232558 967 64.031621 974 51.571429 976 52.103121 982 36.781609 984 63.442812 988 45.523329 992 36.719706
436 33.103448 819 77.734549
293 39.315438 586 39.315438
206 41.666667 259 36.290323 555 36.290323 643 35.555556 659 38.160677 700 38.151310 724 44.117647 775 38.095238 806 50.232558 967 49.149660 974 31.177094 976 42.331542 981 30.967742 984 39.889579 988 42.771413
903 32.010582
946 39.315438 948 39.315438
112 30.024814 603 33.939394 799 35.591133
795 33.036807
203 33.230769 235 36.630037 311 40.909091 364 43.636364 804 43.636364 938 34.013605 959 44.349628
149 38.585861
557 39.315438
976 37.846930
122 34.659593 360 30.492653 473 36.301252 512 30.508475 708 39.113429
70 39.315438 807 77.734549
287 33.441080 889 31.351012
375 33.441080 392 30.283740 393 31.351012 727 33.036807
31 54.516129 230 37.461300 354 47.642680 355 48.987854 428 51.212121 491 54.516129 492 56.241033 493 56.241033 494 52.812500 685 53.070175 924 56.333333 936 36.036036
220 31.030303 319 30.246914 361 47.789725 475 70.546737 476 42.259721 545 64.021164
560 35.027027 767 32.775920 923 43.636364
43 65.053763 435 37.037037
588 38.585861
671 38.585861
956 31.351012
514 48.000000 546 65.046120 908 38.585861
223 56.806723 285 54.320988 430 43.137255 506 58.528139 507 47.507331 697 42.888027
58 44.545455 60 42.105263 221 57.647059 365 59.970015 366 64.412238 452 76.800000 703 54.444444 788 67.724868 927 75.614367 928 72.023810
226 33.036807 330 31.351012
148 52.825241 149 38.585861 150 52.825241 757 39.315438
369 52.825241 630 48.453983 796 30.283740 835 52.825241
369 66.109340 630 48.453983 796 30.283740 834 52.825241
81 45.370370 453 54.444444 579 33.441080 654 70.434783 673 44.642857 892 45.425609
15 56.470588 16 51.914982 687 77.734549 838 45.370370 887 51.020408 954 77.734549
687 46.064918 837 45.370370 954 37.526608
34 32.661290 754 31.111111
32 33.842538 232 31.924883 508 33.395176
96 31.304348 167 34.224599 344 36.000000 346 30.000000 403 35.087719 524 50.310559
843 39.315438
842 39.315438
636 43.554007
548 48.000000 699 51.914982 846 31.055901
548 30.000000 699 31.600424 845 31.055901
388 31.473929
103 37.723214 195 68.817204 247 54.700855 248 51.709402 249 48.987854 250 32.095491 252 54.870130 254 43.548387 255 42.187500 370 42.666667 582 46.376812 584 47.407407 714 45.714286 765 60.952381 894 38.380810 958 48.393195
534 31.351012 589 52.825241 706 52.825241
160 30.967422 218 34.838710 360 30.492653 499 30.409357 553 31.334932 708 32.053106 903 38.135593
208 43.589744 325 32.434861 676 35.854342
585 35.920177
761 34.722222 854 34.224599
761 33.986928 853 34.224599
648 30.246914 702 38.502674 883 36.764706 902 32.820513
791 30.246914 876 34.105263
560 30.268918 620 33.619211 702 38.461538 861 32.258065 864 46.551724 872 35.164835 878 33.614940 880 43.458980 882 35.457064 883 33.684211 902 33.108108
719 32.679739
578 56.825749 748 57.918552 862 31.600424
877 34.086957
541 38.888889 682 30.857143 857 32.258065 872 30.000000 902 43.750000
859 31.600424
328 32.694764 560 36.297641 682 33.061224 864 35.732010 883 39.676113
560 38.054968 682 32.704403 722 35.573123 782 30.728336 857 46.551724 863 35.732010 870 31.372549 879 37.653194 880 31.886792 883 31.486880 902 31.372549
381 49.846154 595 44.893378 691 49.588868 866 37.925926 935 66.553480 962 68.352223
381 39.506173 595 36.160714 691 37.919684 865 37.925926 935 40.567951 962 53.087558
236 53.481013 383 35.897436 755 39.225182 793 33.593601 934 39.418778 1002 31.334623
72 52.825241 180 33.441080 216 39.315438 245 33.441080 277 38.253145 283 39.315438 367 31.351012
525 35.342799
219 32.820513 312 37.869822 682 37.121212 782 31.034483 864 31.372549 872 43.025210 882 32.820513 883 30.769231 902 51.020408 920 38.585861
620 36.750000 631 35.689086 722 34.349324 782 33.663711 872 45.937500 879 44.183007
620 46.915584 648 44.469654 682 38.866397 702 30.476190 722 42.493225 782 33.482143 857 35.164835 861 30.000000 870 43.025210 871 45.937500 879 51.579626 882 32.026144 883 36.571429 917 49.705882
717 49.316940
258 51.200000 349 30.340557 357 30.769231 549 30.769231 718 50.000000 764 55.652174 926 54.205100
901 32.894737
573 34.408602 856 34.105263 896 31.746032 905 34.013605 910 43.636364
860 34.086957
702 34.609988 857 33.614940
328 44.638187 620 35.526316 631 35.929865 648 33.532042 722 59.844156 767 35.805085 782 40.099420 864 37.653194 871 44.183007 872 51.579626 883 32.467532
682 38.866397 722 30.325815 857 43.458980 864 31.886792 882 38.496241 883 30.340557
755 30.188679
682 32.996633 857 35.457064 870 32.820513 872 32.026144 880 38.496241 883 36.764706 902 32.820513 920 45.425609
328 44.137931 560 47.846890 648 34.594595 682 44.081633 702 36.363636 722 44.345898 725 31.351012 767 39.676113 768 31.351012 855 36.764706 857 33.684211 863 39.676113 864 31.486880 870 30.769231 872 36.571429 879 32.467532 880 30.340557 882 36.764706 902 42.016807
151 42.105263 152 39.889197 652 44.582043 655 42.105263
778 32.820513
291 30.352304 619 38.961039
15 44.642857 687 51.914982 837 51.020408 954 51.914982
300 35.829728 350 36.340487 374 33.441080 502 39.315438
287 77.142857 288 42.753515 289 64.285714 290 31.351012 696 42.753515 750 31.351012 820 31.351012 890 42.753515
287 33.441080 889 42.753515
454 35.829728
654 38.253145 673 38.585861 836 45.425609
736 50.000000
195 38.571429 247 44.755245 248 31.764706 249 30.000000 252 31.471282 370 34.909091 584 30.007502 765 33.750000 848 38.380810 958 38.380810
379 33.441080
333 35.829728 640 31.746032 676 35.164835 876 31.746032 905 47.619048 910 47.619048 919 35.829728
204 30.434783 226 35.310345 898 44.137931 913 35.310345 940 36.136734 951 40.000000 956 44.137931
472 32.679739 897 44.137931 913 34.782609 940 54.205100
763 34.013605 794 32.727273 978 37.051040 985 30.434783 993 32.775920
712 30.287860
739 36.764706 875 32.894737 915 33.441080
541 32.820513 682 37.121212 702 43.636364 855 32.820513 857 33.108108 861 43.750000 864 31.372549 870 51.020408 882 32.820513 883 42.016807 920 38.585861
218 35.897436 810 32.010582 850 38.135593
331 32.579186 803 30.252101
333 38.585861 339 32.467532 640 34.013605 676 51.020408 701 38.585861 721 38.585861 747 38.585861 876 34.013605 896 47.619048 910 51.020408 919 38.585861 929 32.820513
479 31.250000
803 33.793103
514 38.253145 546 39.315438 829 38.585861
249 38.961039 250 37.082691 252 42.251462 253 35.285815 370 33.862434 565 35.467980 584 43.813387 714 31.372549 958 41.025641
333 38.585861 640 34.013605 676 37.869822 876 43.636364 896 47.619048 905 51.020408 919 38.585861
956 42.105263
45 49.902534 64 57.309942 142 44.912281 214 35.294118 263 49.494949 551 50.625000 574 44.582043 600 42.105263 689 38.095238 790 65.681445 942 67.500000 961 32.080201
472 48.761905 897 35.310345 898 34.782609
923 38.585861
901 33.441080
745 33.441080
620 42.264151 648 37.812500 872 49.705882
770 31.610610
896 35.829728 905 38.585861 910 38.585861
682 30.490369 870 38.585861 882 45.425609 902 38.585861
633 66.109340
59 35.416667 413 38.181818
824 43.636364 914 38.585861
31 72.688172 56 32.000000 230 50.840336 354 64.071190 355 73.563218 428 74.383302 491 85.227273 492 80.357143 493 80.357143 494 76.637341 685 64.412238 822 56.333333 936 49.382716 955 33.036807 965 46.153846
261 39.315438 264 31.351012
258 42.421383 349 36.580964 357 37.526608 394 30.490369 718 60.980738 764 56.534217 874 54.205100
58 44.545455 60 51.578947 221 67.724868 365 74.322581 366 79.448276 452 76.800000 703 54.444444 788 67.724868 831 75.614367 928 79.448276
58 37.121212 60 42.982456 221 65.587045 365 76.637341 366 81.581686 452 85.227273 674 33.036807 703 62.307692 774 42.421383 788 56.888889 831 72.023810 927 79.448276
676 32.820513 701 33.441080 721 33.441080 747 33.441080 905 32.820513
340 66.109340 341 66.109340 459 51.352200 460 66.109340 461 65.046120
401 47.576367
556 31.372549 742 35.904628 960 30.082256 978 31.168831 989 30.681818
463 31.761787 976 34.909091
336 31.228916 402 37.537538 667 37.518319 717 36.993007 755 33.083271 793 49.352628 867 39.418778 1003 32.037355
381 45.248869 595 50.750751 691 52.213189 865 66.553480 866 40.567951 962 75.261324
31 47.619048 230 34.913793 354 45.977011 355 46.551724 428 50.364204 491 47.619048 492 50.364204 493 50.364204 494 45.977011 685 43.537415 822 36.036036 924 49.382716
798 35.164835 977 31.055901 978 34.013605 990 32.820513
203 33.108108 311 72.058824 364 76.562500 804 64.000000 814 34.013605 959 77.734549
196 51.578947 432 42.105263 438 57.309942
897 36.136734 898 54.205100 956 31.351012
362 40.378319
45 62.051282 64 55.652174 73 33.728590 142 37.101449 214 35.636364 263 56.250000 551 67.063492 574 53.002070 600 65.250965 689 41.025641 790 81.922675 912 67.500000 961 46.376812
628 31.080031 949 32.026144 950 42.613636
48 39.315438 802 35.829728 946 39.315438
48 39.315438 802 35.829728 946 52.825241 948 39.315438
48 52.825241 760 39.315438 802 48.453983 811 39.315438 944 39.315438 945 52.825241 947 39.315438 948 52.825241
48 39.315438 802 35.829728 946 39.315438
48 39.315438 802 35.829728 811 39.315438 945 39.315438 946 52.825241
628 31.034483 943 32.026144 950 34.688347
628 32.352941 943 42.613636 949 34.688347
897 40.000000 956 41.263158
26 48.453983 197 39.315438 198 33.441080
355 36.340487
15 57.393636 16 52.825241 687 78.924540 787 39.315438 837 77.734549 838 37.526608 887 51.914982
31 40.653825 491 31.600424 493 37.526608 924 33.036807 965 31.600424
66 31.351012 204 36.363636 472 32.679739 828 31.351012 897 44.137931 911 42.105263 940 31.351012 951 41.263158
124 44.349628 125 38.585861 127 39.315438 128 39.315438 131 31.600424 210 54.076208 378 46.461515
195 41.223833 241 34.782609 247 48.987854 248 63.533835 249 65.937763 250 48.387097 252 60.076628 254 37.101449 370 56.603774 550 31.818182 565 37.426901 582 31.168831 584 57.520176 714 35.714286 765 42.187500 848 48.393195 894 38.380810 909 41.025641
203 40.198932 311 84.864413 364 89.856437 804 77.734549 814 44.349628 938 77.734549
244 31.986944 314 53.214134 488 37.878788 556 46.736387 562 53.542510 576 36.702509 622 33.611111 642 47.316637 651 38.076416 688 47.005208 733 58.131868 742 58.347578 744 39.335664 752 42.355890 756 31.578947 762 41.269841 771 39.335664 779 46.293639 800 41.373737 932 30.082256 973 46.736387 978 34.105263 979 35.588235 982 39.635996 985 42.572062 986 37.070938 989 52.027298 991 46.537842 992 39.256678 993 30.451128 994 45.691700 997 31.842105 999 41.373737
52 35.957447 53 37.849944 73 41.880342 75 37.158470 267 56.267943 474 31.410256 489 48.039216 551 39.952719 600 42.982456 689 30.246914 790 40.392707 912 32.080201 942 46.376812
381 40.500000 595 47.020408 691 53.518519 865 68.352223 866 53.087558 935 75.261324
231 40.653825
302 69.097377 309 47.836645 310 41.458426 335 69.097377 590 69.097377 709 54.076208 965 31.600424
31 51.020408 335 35.294118 354 30.153846 355 42.809365 428 35.164835 491 44.444444 492 41.379310 493 47.619048 494 42.857143 590 35.294118 685 39.200000 924 46.153846 955 31.600424 964 31.600424
74 77.734549 592 37.526608 705 33.036807
206 52.029024 259 51.509054 314 30.736484 322 37.996289 555 48.755760 624 38.759690 643 53.539823 659 58.272870 664 30.681818 672 35.220126 681 31.397174 700 59.689441 724 57.845817 734 40.626860 775 35.294118 806 64.031621 809 49.149660 974 44.814815 976 51.710655 982 35.460993 984 55.926352 988 51.167253
575 38.585861
29 38.105338 636 30.306954 1003 39.021609
561 66.109340 657 40.378319 971 65.046120
561 51.914982 657 39.682540 970 65.046120
360 34.911325 616 32.040050 621 32.040050
286 33.268356 314 55.113288 488 35.591133 556 42.999194 562 40.973545 576 37.025641 622 32.943470 642 36.153128 649 32.798834 651 43.281914 688 45.865909 733 36.464646 742 38.525799 744 49.054505 752 47.454844 762 35.636364 771 36.909323 779 44.563280 784 33.241758 800 38.537021 960 46.736387 977 36.226415 978 30.165913 979 34.773663 982 47.189542 987 41.925134 989 41.445475 991 49.054505 992 33.939394 993 31.025641 994 39.225182 999 41.494253
206 41.288937 259 48.537815 322 33.939723 643 69.791452 659 57.627119 700 57.820590 724 44.951712 734 60.027413 806 51.571429 809 31.177094 967 44.814815 976 50.934744 984 55.251142 988 39.546028
583 37.037037 649 39.525692 658 32.679739
206 45.937500 259 51.062092 322 38.533333 555 40.533088 643 54.626533 659 50.840277 700 58.724014 724 42.346041 734 43.324492 775 36.580087 806 52.103121 809 42.331542 817 37.846930 933 34.909091 967 51.710655 974 50.934744 984 60.140327 988 47.918538
576 33.103448 737 38.610039 744 30.395137 800 33.379310 937 31.055901 973 36.226415 992 32.432432
488 35.851852 556 34.472934 622 38.117647 742 34.408602 744 32.733224 752 38.117647 762 37.028571 771 32.733224 798 40.909091 899 37.051040 932 31.168831 937 34.013605 960 34.105263 973 30.165913 979 34.408602 985 30.434783 989 34.188034 991 32.733224 993 39.506173 997 30.476190
314 42.445620 488 36.111111 556 38.525799 559 33.105335 576 31.826742 642 30.364372 651 37.006579 688 43.043296 744 33.586006 752 34.632035 762 38.473768 771 45.546559 779 37.532468 960 35.588235 973 34.773663 978 34.408602 989 39.120370 991 41.547430 992 36.500754 994 32.914286 997 32.760033
259 37.555556 659 31.222620 984 31.034483
809 30.967742
206 38.787879 314 50.413390 555 39.876923 556 30.988142 559 33.382716 562 30.917874 642 42.178649 651 32.820513 659 32.922937 672 36.639566 688 44.240196 700 35.392157 724 44.512899 733 33.862434 742 37.402597 752 35.380835 762 38.518519 775 31.746032 779 38.461538 800 45.473684 806 36.781609 960 39.635996 967 35.460993 973 47.189542 984 37.028571 985 30.721966 986 34.358431 988 47.183673 989 38.297872 991 36.824877 992 48.484848 994 36.130068 999 38.787879
987 36.923077
206 50.730519 259 54.645874 314 39.393939 322 41.928721 555 49.880260 624 43.272400 642 41.012658 643 68.545513 659 66.945440 672 37.230274 684 32.142857 688 34.188034 700 64.826038 724 55.913978 734 50.884073 775 34.937611 800 35.065566 806 63.442812 809 39.889579 967 55.926352 974 55.251142 976 60.140327 980 31.034483 982 37.028571 988 47.567568 992 31.239153
244 31.735537 314 35.481635 488 30.250000 559 30.721966 562 36.764706 642 38.026316 651 35.555556 688 41.666667 733 33.137255 742 44.485294 800 34.224599 899 30.434783 960 42.572062 978 30.434783 982 30.721966 989 45.714286 991 39.764706 992 33.955857 994 30.867347
742 44.021739 960 37.070938 982 34.358431
744 32.526882 973 41.925134 983 36.923077 994 31.863068 999 31.225806
206 41.285714 259 42.074592 314 39.357430 322 31.947070 555 51.014493 559 32.657005 562 33.028571 622 38.672769 643 43.236329 659 44.418739 672 39.716312 688 37.290323 700 50.120289 724 40.188383 734 33.698903 775 31.007752 800 47.877984 806 45.523329 809 42.771413 967 51.167253 974 39.546028 976 47.918538 982 47.183673 984 47.567568 992 47.495362
244 31.034483 286 33.962264 314 47.892720 488 42.899702 555 37.619739 556 47.690015 559 34.782609 562 39.850560 576 35.286935 622 37.061404 642 44.886032 651 42.160738 688 41.782407 733 37.619739 742 43.243243 744 44.459691 752 33.122484 762 32.250840 771 34.615385 779 31.349782 800 42.899702 932 30.681818 960 52.027298 973 41.445475 978 34.188034 979 39.120370 982 38.297872 985 45.714286 991 41.168091 992 41.860465 994 43.665768 997 31.423895 999 33.333333
937 32.820513
286 32.656023 314 51.193820 488 38.227513 556 46.016681 559 36.824877 562 41.099720 576 36.818182 622 39.416792 642 41.007752 651 43.448276 688 57.603687 733 44.726166 742 45.546559 744 42.842975 752 31.770546 762 38.431373 771 36.454254 779 47.438330 800 44.458128 960 46.537842 973 49.054505 978 32.733224 979 41.547430 982 36.824877 985 39.764706 989 41.168091 992 32.975610 994 42.077922 999 44.458128
286 32.329029 314 40.650407 487 31.304348 488 42.314050 555 36.940837 556 37.375415 559 36.639566 562 39.681568 642 45.552941 651 32.703488 659 30.582011 672 36.000000 688 44.720497 700 32.934473 724 33.648581 733 33.758440 742 36.500754 752 34.472934 762 37.894737 771 47.572016 779 33.362193 800 38.759690 806 36.719706 960 39.256678 973 33.939394 977 32.432432 979 36.500754 982 48.484848 984 31.239153 985 33.955857 988 47.495362 989 41.860465 991 32.975610 994 39.491005 999 38.759690
487 35.851852 556 31.025641 742 36.160714 752 34.033613 784 31.410256 798 36.000000 899 32.775920 960 30.451128 973 31.025641 978 39.506173
244 32.140615 286 35.116598 314 48.011364 488 46.756283 555 30.099941 556 42.222222 559 36.130068 562 48.261416 576 38.974359 622 31.135135 642 47.471910 651 45.446009 688 45.300462 733 41.173443 742 52.545455 744 38.922559 752 31.135135 771 48.396854 779 39.349593 800 40.601504 960 45.691700 973 39.225182 979 32.914286 982 36.130068 985 30.867347 987 31.863068 989 43.665768 991 42.077922 992 39.491005 997 40.431267 999 40.601504
622 30.625000
723 30.476190
556 34.767184 562 31.512605 576 38.409602 688 35.714286 762 34.423898 960 31.842105 978 30.476190 979 32.760033 989 31.423895 994 40.431267
756 43.290043
286 31.446541 314 33.071517 488 36.862245 556 38.537021 562 32.023721 576 32.766440 622 30.524642 642 37.338476 651 36.612576 688 36.090226 733 43.235294 742 43.859649 744 38.227513 762 44.329004 771 32.051282 779 31.514622 800 33.851240 960 41.373737 973 41.494253 982 38.787879 987 31.225806 989 33.333333 991 44.458128 992 38.759690 994 40.601504
707 39.315438
47 30.555556 680 31.764706
867 31.334623
29 40.059457 89 33.926800 427 34.642364 440 32.907389 540 33.415842 542 31.004205 636 43.408072 793 33.315315 934 32.037355 969 39.021609
257 42.822076 440 32.674544 805 41.556757
113 33.444651
239 30.303030 564 38.431373 567 39.756592
763 65.046120 797 66.109340 1008 39.315438
763 38.585861 797 39.315438 1007 39.315438
