357 554 1
2 70.434783 3 67.080745 4 52.324324 5 74.141876 32 69.444444 42 79.365079 43 70.434783 45 79.365079 46 74.141876
1 70.434783 3 86.580087 4 52.910053 5 95.238095 32 79.365079 42 90.702948 43 90.702948 44 52.941176 45 90.702948 46 85.263158
1 67.080745 2 86.580087 4 50.505051 5 90.909091 32 75.757576 42 86.580087 43 86.580087 44 50.000000 45 86.580087 46 81.203008
1 52.324324 2 52.910053 3 50.505051 5 55.555556 32 52.324324 42 59.459459 43 52.910053 45 59.459459 46 55.555556
1 74.141876 2 95.238095 3 90.909091 4 55.555556 32 83.333333 42 95.238095 43 95.238095 44 56.250000 45 95.238095 46 89.750693
249 57.393636 298 56.470588 335 57.393636
249 66.109340 298 51.914982 335 52.825241
9 61.363636
8 61.363636
11 52.825241
10 52.825241
120 61.935484 121 64.190981 157 66.080156 187 70.343392 188 72.058824 189 77.922078 190 68.145161 248 69.540230 288 54.516129 321 72.688172 343 51.020408
14 61.527729
13 61.527729
290 65.053763
280 59.937565 331 62.051282
333 52.825241
65 52.406417
65 71.111111 323 51.578947
79 55.652174 214 51.578947 280 55.102041 319 57.309942 331 55.652174
22 52.218256
21 52.218256
92 52.825241 307 52.825241
344 77.734549
197 70.546737
119 51.931716
28 51.874367
27 51.874367
165 68.207624
31 51.914982
30 51.914982
1 69.444444 2 79.365079 3 75.757576 4 52.324324 5 83.333333 42 88.000000 43 79.365079 44 54.901961 45 88.000000 46 83.333333
38 63.739837 62 66.392318
39 61.250000
36 66.109340
35 66.109340
135 66.758621 136 71.111111
33 63.739837 62 58.275862
34 61.250000
41 57.142857 90 54.293629 207 60.728745
40 57.142857 88 64.021164 90 63.000932 215 54.076208 274 54.076208
1 79.365079 2 90.702948 3 86.580087 4 59.459459 5 95.238095 32 88.000000 43 90.702948 44 64.052288 45 100.000000 46 95.238095
1 70.434783 2 90.702948 3 86.580087 4 52.910053 5 95.238095 32 79.365079 42 90.702948 44 52.941176 45 90.702948 46 85.263158
2 52.941176 3 50.000000 5 56.250000 32 54.901961 42 64.052288 43 52.941176 45 64.052288 46 56.250000
1 79.365079 2 90.702948 3 86.580087 4 59.459459 5 95.238095 32 88.000000 42 100.000000 43 90.702948 44 64.052288 46 95.238095
1 74.141876 2 85.263158 3 81.203008 4 55.555556 5 89.750693 32 83.333333 42 95.238095 43 85.263158 44 56.250000 45 95.238095
48 52.825241 294 52.825241
47 52.825241 294 52.825241
50 70.129870
49 70.129870 243 51.578947
170 66.483516 191 53.894737
149 80.764636
54 53.002070
53 53.002070
177 60.980738
124 51.851852
73 50.217960 76 57.544757 217 66.359447 218 50.548034 277 53.087558 301 68.817204
160 73.636364 329 51.578947
204 60.000000
244 51.531863 284 55.411255 345 52.029024 352 50.730519
111 53.524492
33 66.392318 38 58.275862 336 54.076208
64 61.635220 162 63.219512 163 73.167045 164 70.814934
63 61.635220 162 53.584511 163 60.367893 164 57.754011
18 52.406417 19 71.111111 128 52.674897 129 65.587045 168 54.700855 256 52.941176 279 56.250000 293 57.647059 323 67.724868 324 65.587045
194 54.545455 292 56.806723
157 51.428571 187 54.857143 188 51.428571 189 51.428571 190 58.680556 321 50.840336
69 66.109340
68 66.109340
306 53.481013
212 52.380952 213 51.200000
74 51.020408 132 55.072464 277 51.680949 301 54.700855
57 50.217960 76 57.341270 132 53.820598 218 55.047619 301 51.709402 337 63.533835
72 51.020408 76 62.782609 132 51.428571 218 56.470588 337 65.937763
76 52.939568 132 52.339846 218 53.979592
57 57.544757 73 57.341270 74 62.782609 75 52.939568 132 60.880503 218 69.973545 301 54.870130 337 60.076628
310 51.200000
239 55.718356 244 58.584409 255 51.377194 345 51.509054 350 51.062092 352 54.645874
20 55.652174 214 53.002070 280 55.172414 331 56.250000
340 56.267943
82 60.980738 93 51.914982
81 60.980738 93 72.058824
84 52.825241
83 52.825241
86 61.728395 130 51.200000
85 61.728395 162 50.505051
89 65.046120
41 64.021164
87 65.046120
40 54.293629 41 63.000932
124 51.851852
23 52.825241
81 51.914982 82 72.058824
194 51.282051 195 74.691358 292 54.320988
97 84.615385 313 77.142857
253 52.825241
95 84.615385 313 64.285714
103 61.250000
134 51.851852 144 68.055556
101 67.878788 110 72.830725
100 67.878788 110 60.357143
103 65.046120
98 61.250000 102 65.046120
113 60.493827 220 60.493827 342 69.097377
106 52.825241 257 52.825241
105 52.825241 257 52.825241
127 83.660131 283 72.058824 328 72.058824 338 84.864413
209 51.264080 238 53.432282 250 60.970464 339 53.214134 348 55.113288 351 50.413390 355 51.193820
133 73.161928 137 67.820069 138 51.674641 158 60.681115 198 71.111111
100 72.830725 101 60.357143
61 53.524492
278 62.132353
104 60.493827 220 70.914127 259 56.140351 342 69.097377
245 65.662943
116 66.109340 173 51.352200 174 66.109340 175 65.046120 325 66.109340
115 66.109340 173 51.352200 174 78.924540 175 77.734549 325 66.109340
145 74.141876 147 55.411255 199 64.646465
123 61.224490
26 51.931716 203 58.082813
12 61.935484 121 62.051282 157 69.875223 187 61.935484 188 64.015152 189 64.015152 190 59.937565 248 59.970015 321 64.071190
12 64.190981 120 62.051282 157 73.160173 187 71.111111 188 73.160173 189 73.160173 190 62.051282 248 69.565217 321 73.563218
213 50.000000
118 61.224490
56 51.851852 91 51.851852
178 54.000000
221 64.031621 252 50.793651
107 83.660131 283 76.562500 328 76.562500 338 89.856437
65 52.674897 129 82.720588 168 74.242424 279 52.674897 293 59.970015 323 74.322581 324 76.637341
65 65.587045 128 82.720588 168 72.688172 256 53.894737 279 56.888889 293 64.412238 323 79.448276 324 81.581686
85 51.200000
295 52.825241 296 66.109340
72 55.072464 73 53.820598 74 51.428571 75 52.339846 76 60.880503 211 56.689342 218 58.666667 337 56.603774
109 73.161928 137 73.161928 158 65.460673 198 65.460673
99 51.851852 143 58.181818
37 66.758621 136 50.592885
37 71.111111 135 50.592885
109 67.820069 133 73.161928 158 60.681115 198 60.681115
109 51.674641
140 86.720867
139 86.720867
142 70.144928
141 70.144928
134 58.181818 144 53.333333
99 68.055556 143 53.333333
117 74.141876 146 54.901961 147 67.724868 199 79.012346
145 54.901961 199 54.901961
117 55.411255 145 67.724868 199 57.647059
150 64.000000 151 75.294118 152 65.460673 153 65.460673 154 65.460673 155 76.377972
52 80.764636
148 64.000000 151 75.294118 152 65.460673 153 65.460673 154 65.460673 155 76.377972
148 75.294118 150 75.294118 152 77.734549 153 77.734549 154 77.734549 155 89.856437
148 65.460673 150 65.460673 151 77.734549 153 78.924540 154 78.924540 155 78.924540
148 65.460673 150 65.460673 151 77.734549 152 78.924540 154 78.924540 155 78.924540
148 65.460673 150 65.460673 151 77.734549 152 78.924540 153 78.924540 155 78.924540
148 76.377972 150 76.377972 151 89.856437 152 78.924540 153 78.924540 154 78.924540
161 54.692021
12 66.080156 67 51.428571 120 69.875223 121 73.160173 187 72.058824 188 79.012346 189 79.012346 190 69.875223 248 65.053763 288 51.212121 321 74.383302 327 50.364204
109 60.681115 133 65.460673 137 60.681115 198 54.293629
160 54.444444
58 73.636364 159 54.444444 329 57.309942
156 54.692021
63 63.219512 64 53.584511 86 50.505051 163 56.390977 164 57.766367
63 73.167045 64 60.367893 162 56.390977 164 74.005550
63 70.814934 64 57.754011 162 57.766367 163 74.005550
29 68.207624
167 52.825241
166 52.825241
65 54.700855 128 74.242424 129 72.688172 256 51.821862 279 54.700855 293 76.800000 323 76.800000 324 85.227273
297 54.444444
51 66.483516 191 58.581236
172 51.914982
171 51.914982
115 51.352200 116 51.352200 174 51.352200 175 50.526316 325 51.352200
115 66.109340 116 78.924540 173 51.352200 175 77.734549 325 66.109340
115 65.046120 116 77.734549 173 50.526316 174 77.734549 325 65.046120
177 60.980738
55 60.980738 176 60.980738
125 54.000000 200 64.800000 289 70.546737
180 51.926978 183 52.674463 184 51.926978
179 51.926978 181 79.256966 182 55.773420 183 89.856437 184 76.562500
180 79.256966 183 80.397865 184 68.055556
180 55.773420 183 56.576275
179 52.674463 180 89.856437 181 80.397865 182 56.576275 184 77.734549
179 51.926978 180 76.562500 181 68.055556 183 77.734549
186 50.219711
185 50.219711 206 50.377309 271 50.689655
12 70.343392 67 54.857143 120 61.935484 121 71.111111 157 72.058824 188 83.660131 189 77.922078 190 80.213904 248 62.111801 288 54.516129 321 85.227273
12 72.058824 67 51.428571 120 64.015152 121 73.160173 157 79.012346 187 83.660131 189 84.441198 190 75.630252 248 65.053763 288 56.241033 321 80.357143 327 50.364204
12 77.922078 67 51.428571 120 64.015152 121 73.160173 157 79.012346 187 77.922078 188 84.441198 190 75.630252 248 72.000000 288 56.241033 321 80.357143 327 50.364204
12 68.145161 67 58.680556 120 59.937565 121 62.051282 157 69.875223 187 80.213904 188 75.630252 189 75.630252 248 59.970015 288 52.812500 321 76.637341
51 53.894737 170 58.581236
193 65.046120
192 65.046120
66 54.545455 94 51.282051 292 58.528139
94 74.691358
299 50.310559
25 70.546737
109 71.111111 133 65.460673 137 60.681115 158 54.293629
117 64.646465 145 79.012346 146 54.901961 147 57.647059
178 64.800000 289 64.021164
291 65.046120
223 60.728745 280 64.209664 319 50.625000 331 67.063492
119 58.082813
59 60.000000
284 51.824212 353 51.014493
186 50.377309
40 60.728745
346 66.109340 347 51.914982
108 51.264080 250 53.035684 339 53.542510
212 64.011380
132 56.689342
71 52.380952 210 64.011380 266 54.347826
71 51.200000 122 50.000000 266 60.952381
20 51.578947 79 53.002070 280 52.597403 331 53.002070
41 54.076208
303 56.825749
57 66.359447
57 50.548034 73 55.047619 74 56.470588 75 53.979592 76 69.973545 132 58.666667 337 57.520176
258 52.825241 302 52.825241
104 60.493827 113 70.914127 259 56.140351 342 69.097377
126 64.031621 252 56.347826
326 50.750751
202 60.728745 280 73.142857 331 65.250965
225 53.015363
224 53.015363
227 66.109340 228 51.914982 230 78.924540 231 66.109340
226 66.109340 230 66.109340 231 66.109340
226 51.914982 230 51.914982
230 52.825241 231 66.109340
226 78.924540 227 66.109340 228 51.914982 229 52.825241 231 78.924540
226 66.109340 227 66.109340 229 66.109340 230 78.924540
241 55.344172
265 52.825241
284 50.366236
320 66.109340
240 51.914982
260 52.723312
108 53.432282 250 51.612903
78 55.718356 244 70.401003 255 64.421114 264 51.687508 268 58.040028 284 57.294430 345 53.539823 349 69.791452 350 54.626533 352 68.545513
236 51.914982
232 55.344172
297 70.434783
50 51.578947
60 51.531863 78 58.584409 239 70.401003 255 62.848490 264 53.910256 268 54.763659 284 58.080000 345 58.272870 349 57.627119 350 50.840277 352 66.945440
114 65.662943
272 65.046120 317 51.020408
262 51.352200
12 69.540230 120 59.970015 121 69.565217 157 65.053763 187 62.111801 188 65.053763 189 72.000000 190 59.970015 288 53.070175 321 64.412238
6 57.393636 7 66.109340 298 77.734549 312 51.914982 335 78.924540
108 60.970464 209 53.035684 238 51.612903 270 50.174216 282 55.803571 355 57.603687
326 52.213189 341 53.518519
126 50.793651 221 56.347826
96 52.825241
300 51.914982
78 51.377194 239 64.421114 244 62.848490 264 52.597403 284 61.787234 345 59.689441 349 57.820590 350 58.724014 352 64.826038 353 50.120289
65 52.941176 129 53.894737 168 51.821862 279 52.941176 293 54.444444 323 54.444444 324 62.307692
105 52.825241 106 52.825241
219 52.825241 302 52.825241
113 56.140351 220 56.140351 342 54.076208
237 52.723312
276 52.406417 310 50.000000 322 60.980738
247 51.352200
278 52.794613 311 59.844156
239 51.687508 244 53.910256 255 52.597403 284 64.136622 345 57.845817 352 55.913978
233 52.825241
212 54.347826 213 60.952381
339 58.131868
239 58.040028 244 54.763659 349 60.027413 352 50.884073
314 50.000000
250 50.174216 339 58.347578 356 52.545455
186 50.689655
246 65.046120
303 57.918552
41 54.076208
281 65.046120 357 65.046120
261 52.406417 310 55.652174 322 56.534217
57 53.087558 72 51.680949 301 60.952381
112 62.132353 263 52.794613
65 56.250000 128 52.674897 129 56.888889 168 54.700855 256 52.941176 293 67.724868 323 67.724868 324 56.888889
16 59.937565 20 55.102041 79 55.172414 202 64.209664 214 52.597403 223 73.142857 319 65.681445 331 81.922675
275 65.046120 357 66.109340
250 55.803571
107 72.058824 127 76.562500 328 64.000000 338 77.734549
60 55.411255 205 51.824212 234 50.366236 239 57.294430 244 58.080000 255 61.787234 264 64.136622 286 50.232558 345 64.031621 349 51.571429 350 52.103121 352 63.442812
287 77.734549
284 50.232558
285 77.734549
12 54.516129 157 51.212121 187 54.516129 188 56.241033 189 56.241033 190 52.812500 248 53.070175 321 56.333333
178 70.546737 200 64.021164
15 65.053763
201 65.046120
66 56.806723 94 54.320988 194 58.528139
65 57.647059 128 59.970015 129 64.412238 168 76.800000 256 54.444444 279 67.724868 323 75.614367 324 72.023810
47 52.825241 48 52.825241
131 52.825241 296 52.825241
131 66.109340 295 52.825241
169 54.444444 242 70.434783
6 56.470588 7 51.914982 249 77.734549 312 51.020408 335 77.734549
196 50.310559
254 51.914982
57 68.817204 72 54.700855 73 51.709402 76 54.870130 277 60.952381
219 52.825241 258 52.825241
216 56.825749 273 57.918552
326 66.553480 341 68.352223
341 53.087558
70 53.481013
23 52.825241
316 51.020408
311 51.579626
77 51.200000 261 50.000000 276 55.652174 322 54.205100
263 59.844156 309 51.579626
249 51.914982 298 51.020408 335 51.914982
95 77.142857 97 64.285714
269 50.000000
330 54.205100
308 51.020408
246 51.020408 318 51.020408
317 51.020408
20 57.309942 202 50.625000 280 65.681445 331 67.500000
235 66.109340
12 72.688172 67 50.840336 120 64.071190 121 73.563218 157 74.383302 187 85.227273 188 80.357143 189 80.357143 190 76.637341 248 64.412238 288 56.333333
261 60.980738 276 56.534217 310 54.205100
19 51.578947 65 67.724868 128 74.322581 129 79.448276 168 76.800000 256 54.444444 279 67.724868 293 75.614367 324 79.448276
65 65.587045 128 76.637341 129 81.581686 168 85.227273 256 62.307692 279 56.888889 293 72.023810 323 79.448276
115 66.109340 116 66.109340 173 51.352200 174 66.109340 175 65.046120
222 50.750751 251 52.213189 304 66.553480 341 75.261324
157 50.364204 188 50.364204 189 50.364204
107 72.058824 127 76.562500 283 64.000000 338 77.734549
58 51.578947 160 57.309942
315 54.205100
16 62.051282 20 55.652174 79 56.250000 202 67.063492 214 53.002070 223 65.250965 280 81.922675 319 67.500000
333 52.825241
17 52.825241 332 52.825241 334 52.825241
333 52.825241
6 57.393636 7 52.825241 249 78.924540 298 77.734549 312 51.914982
62 54.076208
73 63.533835 74 65.937763 76 60.076628 132 56.603774 218 57.520176
107 84.864413 127 89.856437 283 77.734549 328 77.734549
108 53.214134 209 53.542510 267 58.131868 270 58.347578 354 52.027298
80 56.267943
251 53.518519 304 68.352223 305 53.087558 326 75.261324
104 69.097377 113 69.097377 220 69.097377 259 54.076208
12 51.020408
24 77.734549
60 52.029024 78 51.509054 239 53.539823 244 58.272870 255 59.689441 264 57.845817 284 64.031621 350 51.710655 352 55.926352 353 51.167253
208 66.109340 347 65.046120
208 51.914982 346 65.046120
108 55.113288
239 69.791452 244 57.627119 255 57.820590 268 60.027413 284 51.571429 350 50.934744 352 55.251142
78 51.062092 239 54.626533 244 50.840277 255 58.724014 284 52.103121 345 51.710655 349 50.934744 352 60.140327
108 50.413390
60 50.730519 78 54.645874 239 68.545513 244 66.945440 255 64.826038 264 55.913978 268 50.884073 284 63.442812 345 55.926352 349 55.251142 350 60.140327
205 51.014493 255 50.120289 345 51.167253
339 52.027298
108 51.193820 250 57.603687
270 52.545455
275 65.046120 281 66.109340
