558 1096 1
2 70.434783 3 67.080745 4 52.324324 5 74.141876 58 69.444444 72 79.365079 73 70.434783 74 45.000000 75 79.365079 76 74.141876
1 70.434783 3 86.580087 4 52.910053 5 95.238095 58 79.365079 72 90.702948 73 90.702948 74 52.941176 75 90.702948 76 85.263158
1 67.080745 2 86.580087 4 50.505051 5 90.909091 58 75.757576 72 86.580087 73 86.580087 74 50.000000 75 86.580087 76 81.203008
1 52.324324 2 52.910053 3 50.505051 5 55.555556 58 52.324324 72 59.459459 73 52.910053 75 59.459459 76 55.555556
1 74.141876 2 95.238095 3 90.909091 4 55.555556 58 83.333333 72 95.238095 73 95.238095 74 56.250000 75 95.238095 76 89.750693
51 40.760870 94 40.500000 191 46.095238
8 45.425609 374 57.393636 454 56.470588 481 44.642857 522 57.393636
7 45.425609 374 66.109340 454 51.914982 522 52.825241
10 61.363636
9 61.363636
12 48.453983 13 52.825241
11 48.453983 13 48.453983 521 48.453983
11 52.825241 12 48.453983
556 40.059457
116 43.290043 187 61.935484 188 64.190981 234 66.080156 274 70.343392 275 72.058824 276 77.922078 277 68.145161 373 69.540230 443 54.516129 501 72.688172 509 47.619048 523 40.653825 533 51.020408
17 61.527729
16 61.527729 247 44.798407
19 44.851259 63 41.025641 66 49.794239
18 44.851259 63 49.230769 254 42.105263
446 65.053763
135 41.223833 306 47.450980 323 45.149912 334 46.095238 429 59.937565 495 49.902534 514 62.051282
435 48.453983 517 52.825241
81 49.846154 250 46.376812
35 46.451613 36 41.025641 262 40.431267 273 46.153846 416 47.003525 423 45.592705
37 42.328042
116 40.672269 274 42.016807
114 52.406417 195 41.223833 428 42.857143 449 44.545455 503 44.545455
114 71.111111 196 42.982456 248 41.263158 449 42.105263 503 51.578947 504 42.982456
135 55.652174 323 51.578947 429 55.102041 495 57.309942 514 55.652174
31 52.218256
30 52.218256
122 45.425609 144 48.784590 150 52.825241 197 42.753515 469 52.825241
529 41.880342
534 77.734549
24 46.451613 109 42.241379 423 41.806452
24 41.025641 38 44.561635
25 42.328042 297 70.546737
36 44.561635 296 43.097643 411 44.322344
359 46.545455 453 45.370370
210 41.806452
186 51.931716 307 49.571184
220 40.833333
44 51.874367 47 41.156463 51 40.760870 52 40.591966
43 51.874367 47 46.718147
52 46.082949
52 41.176471 53 48.453983
43 41.156463 44 46.718147
144 46.545455
328 42.519267
144 45.023256
6 40.760870 43 40.760870
43 40.591966 45 46.082949 46 41.176471 53 44.419742
46 48.453983 52 44.419742
205 42.322206 244 68.207624 336 42.143600 410 41.375380
258 45.425609
57 51.914982
56 51.914982
1 69.444444 2 79.365079 3 75.757576 4 52.324324 5 83.333333 72 88.000000 73 79.365079 74 54.901961 75 88.000000 76 83.333333
61 44.349628 62 44.349628 65 63.739837 105 66.392318 525 44.349628
67 61.250000
59 44.349628 62 66.109340 105 44.349628
59 44.349628 61 66.109340 105 44.349628
18 41.025641 19 49.230769 66 40.816327 202 66.758621 203 71.111111
66 45.410200
59 63.739837 67 40.909091 105 58.275862
18 49.794239 63 40.816327 64 45.410200
60 61.250000 65 40.909091
202 44.444444 203 42.424242
70 57.142857 148 54.293629 311 60.728745
69 57.142857 145 43.636364 146 64.021164 147 44.349628 148 63.000932 325 54.076208 408 54.076208 424 44.349628
306 48.403361 334 41.904762 376 48.120301 495 44.912281
1 79.365079 2 90.702948 3 86.580087 4 59.459459 5 95.238095 58 88.000000 73 90.702948 74 64.052288 75 100.000000 76 95.238095
1 70.434783 2 90.702948 3 86.580087 4 52.910053 5 95.238095 58 79.365079 72 90.702948 74 52.941176 75 90.702948 76 85.263158
1 45.000000 2 52.941176 3 50.000000 5 56.250000 58 54.901961 72 64.052288 73 52.941176 75 64.052288 76 56.250000
1 79.365079 2 90.702948 3 86.580087 4 59.459459 5 95.238095 58 88.000000 72 100.000000 73 90.702948 74 64.052288 76 95.238095
1 74.141876 2 85.263158 3 81.203008 4 55.555556 5 89.750693 58 83.333333 72 95.238095 73 85.263158 74 56.250000 75 95.238095
78 52.825241 450 52.825241
77 52.825241 450 52.825241
80 70.129870 320 44.137931 358 47.058824 360 44.444444 480 42.105263
79 70.129870 320 49.090909 358 44.582043 360 51.578947
23 49.846154 250 66.483516 278 53.894737
395 43.537415
346 40.378319 398 40.378319
184 46.296296 218 48.721805 220 42.077922 299 41.830065
223 80.764636
87 47.030006
86 47.030006
99 44.444444
101 41.176471
91 53.002070
90 53.002070
260 60.980738
142 48.453983
6 40.500000 191 51.851852
124 47.642680 125 50.217960 126 47.642680 128 57.544757 199 45.687646 327 66.359447 328 50.548034 415 53.087558 459 68.817204 526 41.223833
237 49.000000 239 73.636364 511 51.578947
98 45.425609
97 45.425609
88 44.444444
527 40.198932
89 41.176471 308 60.000000
133 45.996674 309 45.996674 347 45.873016 354 43.338861 363 51.531863 382 47.816092 397 48.426150 422 43.507214 438 55.411255 440 41.666667 535 52.029024 539 41.288937 540 45.937500 544 50.730519 548 41.285714
177 53.524492 418 43.150685 461 43.589744
430 45.425609
59 66.392318 61 44.349628 62 44.349628 65 58.275862 525 54.076208
107 41.547430 108 49.540397
106 41.547430 108 47.020408 292 41.458426 295 43.669251
106 49.540397 107 47.020408 292 41.458426 295 43.669251
35 42.241379 334 42.016807 429 49.261084
112 61.635220 144 45.023256 241 63.219512 242 73.167045 243 70.814934
197 42.753515
110 61.635220 241 53.584511 242 60.367893 243 57.754011
263 40.829346
27 52.406417 28 71.111111 195 52.674897 196 65.587045 248 54.700855 384 52.941176 428 56.250000 449 57.647059 503 67.724868 504 65.587045
152 49.627792 283 54.545455 284 49.090909 448 56.806723
15 43.290043 26 40.672269 187 41.797283 188 42.187500 234 51.428571 274 54.857143 275 51.428571 276 51.428571 277 58.680556 373 46.022727 501 50.840336
531 40.653825
119 66.109340
118 66.109340
468 53.481013
319 52.380952 322 51.200000 399 48.761905
32 45.425609 150 45.425609
175 44.081633
95 47.642680 125 49.030644 126 51.020408 128 46.583851 199 55.072464 328 40.685003 415 51.680949 459 54.700855 486 44.755245 526 48.987854
95 50.217960 124 49.030644 126 49.030644 127 43.005952 128 57.341270 199 53.820598 327 43.956044 328 55.047619 415 44.478764 459 51.709402 526 63.533835
95 47.642680 124 51.020408 125 49.030644 127 44.307692 128 62.782609 199 51.428571 317 45.714286 328 56.470588 415 46.944444 459 48.987854 526 65.937763
125 43.005952 126 44.307692 128 52.939568 199 52.339846 317 44.453782 328 53.979592 526 48.387097
95 57.544757 124 46.583851 125 57.341270 126 62.782609 127 52.939568 199 60.880503 327 42.680776 328 69.973545 415 47.087087 459 54.870130 492 42.251462 526 60.076628
459 43.548387
415 41.868512 459 42.187500
557 42.822076
474 51.200000 502 42.421383
102 45.996674 309 40.663726 354 55.718356 363 58.584409 382 51.377194 397 42.643923 401 41.211102 438 46.505495 535 51.509054 539 48.537815 540 51.062092 544 54.645874 548 42.074592
136 42.753515
21 41.223833 29 55.652174 323 53.002070 334 40.909091 429 55.172414 495 49.494949 514 56.250000
134 42.753515
529 56.267943
139 60.980738 151 51.914982
138 60.980738 151 72.058824
141 52.825241
140 52.825241
93 48.453983
144 61.728395 197 51.200000
32 48.784590 48 46.545455 50 45.023256 110 45.023256 143 61.728395 197 40.000000 241 50.505051 293 43.097643
70 43.636364 146 41.739130 147 65.046120
70 64.021164 145 41.739130 147 42.421383 148 49.387755 325 42.421383
70 44.349628 145 65.046120 146 42.421383
69 54.293629 70 63.000932 146 49.387755
191 51.851852 420 44.642857
32 52.825241 122 45.425609 197 42.753515
138 51.914982 139 72.058824
115 49.627792 235 40.500000 283 51.282051 284 74.691358 380 44.349628 448 54.320988
272 40.601504
155 45.425609 156 84.615385 379 45.425609 482 77.142857
154 45.425609 379 52.825241 482 42.753515
154 84.615385 482 64.285714
162 40.378319 163 61.250000
304 40.378319
201 51.851852 215 47.058824 216 68.055556
161 67.878788 174 72.830725
160 67.878788 174 60.357143 214 44.505495
157 40.378319 163 65.046120
157 61.250000 162 65.046120
168 41.880342 179 60.493827 330 60.493827 389 47.342995 532 69.097377
166 52.825241 385 52.825241
165 52.825241 385 52.825241
280 49.750111 281 40.000000
164 41.880342 179 49.902534 330 49.902534 532 47.836645
179 43.463497 330 43.463497 532 41.458426
194 83.660131 436 72.058824 441 40.909091 510 72.058824 527 84.864413
221 48.784590
315 51.264080 353 53.432282 357 45.252525 375 60.970464 400 44.275736 426 49.303905 434 49.642492 528 53.214134 538 55.113288 542 42.445620 543 50.413390 549 47.892720 550 51.193820 551 40.650407 552 48.011364
200 73.161928 206 67.820069 207 51.674641 236 60.681115 298 71.111111
160 72.830725 161 60.357143
123 44.081633
382 42.409639 397 40.188383 544 41.928721
103 53.524492
396 45.187166 417 62.132353 476 44.638187 479 44.137931
164 60.493827 168 49.902534 169 43.463497 330 70.914127 389 56.140351 532 69.097377
365 65.662943
184 49.019608
183 66.109340 254 51.352200 255 66.109340 256 65.046120 505 66.109340
182 66.109340 254 51.352200 255 78.924540 256 77.734549 505 66.109340
84 46.296296 181 49.019608 218 74.141876 219 44.444444 220 55.411255 299 64.646465
190 61.224490 213 47.804878 414 43.243243
41 51.931716 307 58.082813
15 61.935484 116 41.797283 188 62.051282 234 69.875223 274 61.935484 275 64.015152 276 64.015152 277 59.937565 373 59.970015 443 47.642680 501 64.071190 509 45.977011
15 64.190981 116 42.187500 187 62.051282 234 73.160173 274 71.111111 275 73.160173 276 73.160173 277 62.051282 373 69.565217 443 48.987854 501 73.563218 509 46.551724 533 42.809365
316 45.878136 318 42.857143 322 50.000000 399 47.368421
185 61.224490 213 47.368421 394 42.701525 414 46.551724
6 46.095238 94 51.851852 149 51.851852
263 54.000000 302 49.627792 444 47.789725
301 40.378319 332 64.031621 378 50.793651 386 40.833333 513 40.378319
170 83.660131 436 76.562500 441 43.636364 510 76.562500 527 89.856437
27 41.223833 114 52.674897 196 82.720588 248 74.242424 384 41.880342 428 52.674897 449 59.970015 503 74.322581 504 76.637341
28 42.982456 114 65.587045 195 82.720588 248 72.688172 384 53.894737 428 56.888889 449 64.412238 503 79.448276 504 81.581686
32 42.753515 111 42.753515 143 51.200000 144 40.000000 150 42.753515
348 48.453983 451 52.825241 452 66.109340
95 45.687646 124 55.072464 125 53.820598 126 51.428571 127 52.339846 128 60.880503 317 56.689342 328 58.666667 459 42.666667 526 56.603774
173 73.161928 206 73.161928 207 40.121057 236 65.460673 298 65.460673
159 51.851852 215 58.181818 216 48.000000 300 48.784590
63 66.758621 68 44.444444 203 50.592885
63 71.111111 68 42.424242 202 50.592885 525 46.461515
333 40.500000 466 49.846154 508 45.248869 530 40.500000
54 42.322206
173 67.820069 200 73.161928 236 60.681115 298 60.681115
173 51.674641 200 40.121057 298 40.000000
209 86.720867
208 86.720867
40 41.806452
212 70.144928
211 70.144928
185 47.804878 190 47.368421
161 44.505495
159 47.058824 201 58.181818 216 53.333333
159 68.055556 201 48.000000 215 53.333333
506 47.576367
84 48.721805 184 74.141876 219 54.901961 220 67.724868 299 79.012346
184 44.444444 218 54.901961 220 46.666667 299 54.901961
42 40.833333 84 42.077922 184 55.411255 218 67.724868 219 46.666667 299 57.647059
171 48.784590 366 48.784590
226 64.000000 227 75.294118 228 65.460673 229 65.460673 230 65.460673 231 76.377972
85 80.764636
225 43.688587
224 43.688587
222 64.000000 227 75.294118 228 65.460673 229 65.460673 230 65.460673 231 76.377972
222 75.294118 226 75.294118 228 77.734549 229 77.734549 230 77.734549 231 89.856437
222 65.460673 226 65.460673 227 77.734549 229 78.924540 230 78.924540 231 78.924540
222 65.460673 226 65.460673 227 77.734549 228 78.924540 230 78.924540 231 78.924540
222 65.460673 226 65.460673 227 77.734549 228 78.924540 229 78.924540 231 78.924540
222 76.377972 226 76.377972 227 89.856437 228 78.924540 229 78.924540 230 78.924540
260 47.368421
240 54.692021
15 66.080156 116 51.428571 187 69.875223 188 73.160173 274 72.058824 275 79.012346 276 79.012346 277 69.875223 373 65.053763 443 51.212121 501 74.383302 509 50.364204
152 40.500000 283 40.404040 380 41.458426 448 43.137255
173 60.681115 200 65.460673 206 60.681115 298 54.293629
96 49.000000 239 54.444444 511 42.105263
247 42.666667
96 73.636364 237 54.444444 511 57.309942
233 54.692021
110 63.219512 112 53.584511 144 50.505051 242 56.390977 243 57.766367
110 73.167045 112 60.367893 241 56.390977 243 74.005550
110 70.814934 112 57.754011 241 57.766367 242 74.005550
54 68.207624 336 48.380748
246 52.825241
245 52.825241
17 44.798407 238 42.666667
28 41.263158 114 54.700855 195 74.242424 196 72.688172 384 51.821862 428 54.700855 449 76.800000 503 76.800000 504 85.227273
453 54.444444
23 46.376812 81 66.483516 278 58.581236
252 51.914982 278 44.642857
251 51.914982 278 45.425609
335 48.453983
19 42.105263 182 51.352200 183 51.352200 255 51.352200 256 50.526316 505 51.352200
182 66.109340 183 78.924540 254 51.352200 256 77.734549 505 66.109340
182 65.046120 183 77.734549 254 50.526316 255 77.734549 505 65.046120
297 44.582043
55 45.425609
260 60.980738
92 60.980738 232 47.368421 259 60.980738
496 48.761905
24 40.431267
113 40.829346 192 54.000000 264 47.826087 302 64.800000 444 70.546737
263 47.826087 444 42.259721
266 51.926978 267 46.460980 268 44.493882 269 52.674463 270 51.926978
265 51.926978 267 79.256966 268 55.773420 269 89.856437 270 76.562500
265 46.460980 266 79.256966 268 49.902534 269 80.397865 270 68.055556
265 44.493882 266 55.773420 267 49.902534 269 56.576275 270 47.115385
265 52.674463 266 89.856437 267 80.397865 268 56.576275 270 77.734549
265 51.926978 266 76.562500 267 68.055556 268 47.115385 269 77.734549
272 50.219711
153 40.601504 271 50.219711 310 50.377309 315 44.906621 400 40.475588 403 43.859649 404 50.689655 549 42.899702 551 42.314050 552 46.756283
24 46.153846 529 48.039216
15 70.343392 26 42.016807 116 54.857143 187 61.935484 188 71.111111 234 72.058824 275 83.660131 276 77.922078 277 80.213904 373 62.111801 443 54.516129 501 85.227273 509 47.619048 533 44.444444
15 72.058824 116 51.428571 187 64.015152 188 73.160173 234 79.012346 274 83.660131 276 84.441198 277 75.630252 373 65.053763 443 56.241033 501 80.357143 509 50.364204 533 41.379310
15 77.922078 116 51.428571 187 64.015152 188 73.160173 234 79.012346 274 77.922078 275 84.441198 277 75.630252 373 72.000000 443 56.241033 501 80.357143 509 50.364204 533 47.619048
15 68.145161 116 58.680556 187 59.937565 188 62.051282 234 69.875223 274 80.213904 275 75.630252 276 75.630252 373 59.970015 443 52.812500 501 76.637341 509 45.977011 533 42.857143
81 53.894737 250 58.581236 251 44.642857 252 45.425609
280 44.419742
167 49.750111 279 44.419742 281 65.046120
167 40.000000 280 65.046120
395 47.507331
115 54.545455 152 51.282051 235 40.404040 284 43.537415 448 58.528139
115 49.090909 152 74.691358 283 43.537415 380 40.378319 448 47.507331
291 45.425609
287 40.419580
286 40.419580
303 48.784590 447 48.000000
290 45.000000
289 45.000000 391 48.453983
285 45.425609
107 41.458426 108 41.458426
144 43.097643 456 50.310559
414 40.961338
107 43.669251 108 43.669251
38 43.097643 416 41.156463
37 70.546737 257 44.582043
173 71.111111 200 65.460673 206 60.681115 207 40.000000 236 54.293629
84 41.830065 184 64.646465 218 79.012346 219 54.901961 220 57.647059
201 48.784590 364 40.378319
193 40.378319
192 49.627792 263 64.800000 444 64.021164
288 48.784590 447 65.046120
158 40.378319
458 48.000000
21 47.450980 71 48.403361 334 60.728745 429 64.209664 495 50.625000 514 67.063492
41 49.571184 186 58.082813
101 60.000000
102 45.996674 133 40.663726 353 43.783784 354 42.502952 363 46.107456 367 43.344482 382 46.981273 438 51.824212 535 48.755760 540 40.533088 544 49.880260 548 51.014493
272 50.377309 315 46.033966 353 45.346302 357 48.556375 375 43.108504 403 42.293233 404 42.976190 412 46.351243 528 46.736387 538 42.999194 549 47.690015 550 46.016681 552 42.222222
69 60.728745
375 44.240196 434 42.128280
479 47.846890
536 66.109340 537 51.914982
172 51.264080 272 44.906621 310 46.033966 324 42.745826 353 48.682877 357 40.989148 375 53.035684 400 46.887463 403 44.520783 404 43.751412 426 41.896552 434 42.316940 528 53.542510 538 40.973545 550 41.099720 552 48.261416
189 45.878136 319 64.011380 322 41.290323
126 45.714286 127 44.453782 199 56.689342 328 40.336134
189 42.857143 322 46.889952
121 52.380952 316 64.011380 321 47.342995 322 49.769585 399 54.347826
79 44.137931 80 49.090909
319 47.342995
121 51.200000 189 50.000000 316 41.290323 318 46.889952 319 49.769585 399 60.952381
21 45.149912 29 51.578947 135 53.002070 429 52.597403 495 44.582043 514 53.002070
315 42.745826
70 54.076208 146 42.421383
406 46.883117 463 56.825749
95 66.359447 125 43.956044 128 42.680776 328 40.740741 392 43.636364 459 46.376812
49 42.519267 95 50.548034 124 40.685003 125 55.047619 126 56.470588 127 53.979592 128 69.973545 199 58.666667 317 40.336134 327 40.740741 415 40.821256 459 47.407407 492 43.813387 526 57.520176
387 52.825241 460 52.825241
164 60.493827 168 49.902534 169 43.463497 179 70.914127 389 56.140351 532 69.097377
332 41.558442
193 64.031621 331 41.558442 378 56.347826
204 40.500000 377 45.546559 466 44.893378 508 50.750751 530 47.020408
21 46.095238 71 41.904762 109 42.016807 135 40.909091 306 60.728745 376 45.714286 429 73.142857 495 42.105263 514 65.250965 529 42.982456
253 48.453983
54 42.143600 244 48.380748 337 53.015363
336 53.015363
339 66.109340 340 51.914982 342 78.924540 343 66.109340
338 66.109340 342 66.109340 343 66.109340
338 51.914982 342 51.914982
342 52.825241 343 66.109340
338 78.924540 339 66.109340 340 51.914982 341 52.825241 343 78.924540
338 66.109340 339 66.109340 341 66.109340 342 78.924540
356 55.344172 472 46.915584 497 42.264151
388 41.523342
83 40.378319 398 52.825241
102 45.873016 397 41.039672 438 50.366236 544 43.272400
198 48.453983 451 48.453983 452 48.453983
499 66.109340
355 51.914982
457 43.554007 556 43.408072
390 52.723312
172 53.432282 309 43.783784 310 45.346302 315 48.682877 357 48.999592 375 51.612903 400 48.112128 403 44.830485 434 46.741573 528 47.316637 543 42.178649 544 41.012658 549 44.886032 550 41.007752 551 45.552941 552 47.471910
102 43.338861 133 55.718356 309 42.502952 363 70.401003 382 64.421114 397 51.687508 401 58.040028 438 57.294430 535 53.539823 539 69.791452 540 54.626533 544 68.545513 548 43.236329
350 51.914982
344 55.344172 472 44.469654
172 45.252525 310 48.556375 315 40.989148 353 48.999592 375 48.262548 400 44.453019 403 43.787879 538 43.281914 549 42.160738 550 43.448276 552 45.446009
79 47.058824 80 44.582043 360 47.058824 480 44.582043
39 46.545455 453 70.434783
79 44.444444 80 51.578947 358 47.058824 480 42.105263
433 44.444444
536 40.378319
102 51.531863 133 58.584409 309 46.107456 354 70.401003 382 62.848490 397 53.910256 401 54.763659 438 58.080000 535 58.272870 539 57.627119 540 50.840277 544 66.945440 548 44.418739
300 40.378319
180 65.662943
221 48.784590
309 43.344482
453 44.642857
405 65.046120 491 51.020408
371 45.425609
370 45.425609 395 51.352200
383 42.735043 479 44.081633
15 69.540230 116 46.022727 187 59.970015 188 69.565217 234 65.053763 274 62.111801 275 65.053763 276 72.000000 277 59.970015 443 53.070175 501 64.412238 509 43.537415
7 57.393636 8 66.109340 454 77.734549 455 46.064918 481 51.914982 522 78.924540
172 60.970464 310 43.108504 312 44.240196 315 53.035684 353 51.612903 357 48.262548 400 41.877569 403 50.174216 404 48.975462 407 44.393241 419 43.184885 426 46.551724 434 55.803571 528 47.005208 538 45.865909 542 43.043296 543 44.240196 545 41.666667 549 41.782407 550 57.603687 551 44.720497 552 45.300462
71 48.120301 334 45.714286 429 48.128342 514 41.025641
333 45.546559 466 49.588868 508 52.213189 530 53.518519
193 50.793651 332 56.347826
154 45.425609 155 52.825241 482 42.753515
152 44.349628 235 41.458426 284 40.378319 448 42.888027
458 51.914982
102 47.816092 133 51.377194 176 42.409639 309 46.981273 354 64.421114 363 62.848490 397 52.597403 401 43.656668 438 61.787234 535 59.689441 539 57.820590 540 58.724014 544 64.826038 548 50.120289
372 42.735043 490 43.636364
114 52.941176 195 41.880342 196 53.894737 248 51.821862 428 52.941176 449 54.444444 503 54.444444 504 62.307692
165 52.825241 166 52.825241
193 40.833333
329 52.825241 460 52.825241
345 41.523342
164 47.342995 179 56.140351 330 56.140351 532 54.076208
352 52.723312
290 48.453983
327 43.636364 459 45.714286
473 49.316940
190 42.701525 414 52.406417 474 50.000000 502 60.980738
82 43.537415 282 47.507331 371 51.352200
178 45.187166 417 52.794613 472 42.493225 476 59.844156 479 44.345898
102 48.426150 133 42.643923 176 40.188383 347 41.039672 354 51.687508 363 53.910256 382 52.597403 401 40.690166 438 64.136622 440 44.117647 535 57.845817 539 44.951712 540 42.346041 543 44.512899 544 55.913978 548 40.188383
83 40.378319 346 52.825241
121 48.761905 189 47.368421 319 54.347826 322 60.952381
172 44.275736 272 40.475588 315 46.887463 353 48.112128 357 44.453019 375 41.877569 403 48.630394 426 43.071042 434 40.475588 528 58.131868 550 44.726166 552 41.173443 555 43.235294
133 41.211102 354 58.040028 363 54.763659 382 43.656668 397 40.690166 438 45.521602 535 40.626860 539 60.027413 540 43.324492 544 50.884073
485 50.000000
272 43.859649 310 42.293233 315 44.520783 353 44.830485 357 43.787879 375 50.174216 400 48.630394 404 41.547430 419 41.547430 528 58.347578 545 44.485294 546 44.021739 549 43.243243 550 45.546559 552 52.545455 555 43.859649
272 50.689655 310 42.976190 315 43.751412 375 48.975462 403 41.547430 538 49.054505 549 44.459691 550 42.842975
369 65.046120
326 46.883117 463 57.918552
375 44.393241 434 41.666667 528 42.355890 538 47.454844
70 54.076208
554 43.290043
54 41.375380
38 44.322344 416 48.761905
310 46.351243 528 41.269841 555 44.329004
432 65.046120 558 65.046120
185 43.243243 190 46.551724 294 40.961338 394 52.406417 474 55.652174 502 56.534217
95 53.087558 124 51.680949 125 44.478764 126 46.944444 128 47.087087 130 41.868512 328 40.821256 459 60.952381 526 42.187500
24 47.003525 296 41.156463 411 48.761905 423 46.899225
178 62.132353 396 52.794613 425 47.115385
103 43.150685
375 43.184885 403 41.547430 426 40.016536 542 45.546559 551 47.572016 552 48.396854
149 44.642857
504 42.421383
102 43.507214 438 41.176471
24 45.592705 35 41.806452 416 46.899225
70 44.349628
417 47.115385
172 49.303905 315 41.896552 375 46.551724 400 43.071042 419 40.016536 528 46.293639 538 44.563280 550 47.438330
476 40.099420
27 42.857143 114 56.250000 195 52.674897 196 56.888889 248 54.700855 384 52.941176 449 67.724868 503 67.724868 504 56.888889
21 59.937565 29 55.102041 109 49.261084 135 55.172414 306 64.209664 323 52.597403 334 73.142857 376 48.128342 495 65.681445 514 81.922675 529 40.392707
104 45.425609
507 49.352628
413 65.046120 558 66.109340
361 44.444444 541 40.909091
172 49.642492 312 42.128280 315 42.316940 353 46.741573 375 55.803571 400 40.475588 407 41.666667 528 41.373737 543 45.473684 548 47.877984 549 42.899702 550 44.458128 552 40.601504
22 48.453983 517 48.453983
170 72.058824 194 76.562500 441 43.636364 510 64.000000 527 77.734549
557 41.556757
102 55.411255 133 46.505495 309 51.824212 347 50.366236 354 57.294430 363 58.080000 382 61.787234 397 64.136622 401 45.521602 422 41.176471 440 50.232558 535 64.031621 539 51.571429 540 52.103121 544 63.442812 548 45.523329
442 77.734549
102 41.666667 397 44.117647 438 50.232558 535 49.149660 540 42.331542 548 42.771413
170 40.909091 194 43.636364 436 43.636364 527 44.349628
439 77.734549
15 54.516129 187 47.642680 188 48.987854 234 51.212121 274 54.516129 275 56.241033 276 56.241033 277 52.812500 373 53.070175 501 56.333333
192 47.789725 263 70.546737 264 42.259721 302 64.021164
500 43.636364
20 65.053763
288 48.000000 303 65.046120
115 56.806723 152 54.320988 235 43.137255 283 58.528139 284 47.507331 380 42.888027
27 44.545455 28 42.105263 114 57.647059 195 59.970015 196 64.412238 248 76.800000 384 54.444444 428 67.724868 503 75.614367 504 72.023810
77 52.825241 78 52.825241
198 52.825241 348 48.453983 452 52.825241
198 66.109340 348 48.453983 451 52.825241
39 45.370370 249 54.444444 359 70.434783 368 44.642857 484 45.425609
7 56.470588 8 51.914982 374 77.734549 455 45.370370 481 51.020408 522 77.734549
374 46.064918 454 45.370370
293 50.310559
351 43.554007
305 48.000000 381 51.914982
95 68.817204 124 54.700855 125 51.709402 126 48.987854 128 54.870130 129 43.548387 130 42.187500 199 42.666667 327 46.376812 328 47.407407 392 45.714286 415 60.952381 526 48.393195
329 52.825241 387 52.825241
103 43.589744
465 46.551724 477 43.458980
326 56.825749 406 57.918552
490 43.750000
462 46.551724
204 49.846154 333 44.893378 377 49.588868 508 66.553480 530 68.352223
508 40.567951 530 53.087558
120 53.481013
32 52.825241
472 43.025210 490 51.020408
472 45.937500 476 44.183007
344 46.915584 356 44.469654 396 42.493225 470 43.025210 471 45.937500 476 51.579626 497 49.705882
393 49.316940
132 51.200000 394 50.000000 414 55.652174 502 54.205100
493 43.636364
178 44.638187 396 59.844156 427 40.099420 471 44.183007 472 51.579626
462 43.458980
498 45.425609
178 44.137931 313 47.846890 372 44.081633 396 44.345898 490 42.016807
79 42.105263 358 44.582043 360 42.105263
7 44.642857 374 51.914982 454 51.020408 522 51.914982
154 77.142857 155 42.753515 156 64.285714 379 42.753515 483 42.753515
482 42.753515
453 45.425609
402 50.000000
124 44.755245
491 47.619048 493 47.619048
489 44.137931 520 40.000000 524 44.137931
488 44.137931 512 54.205100
383 43.636364 464 43.750000 470 51.020408 479 42.016807
369 51.020408 487 47.619048 493 51.020408
128 42.251462 328 43.813387 526 41.025641
475 43.636364 487 47.619048 491 51.020408
524 42.105263
21 49.902534 29 57.309942 71 44.912281 135 49.494949 306 50.625000 323 44.582043 334 42.105263 429 65.681445 514 67.500000
261 48.761905
344 42.264151 472 49.705882
478 45.425609
349 66.109340
445 43.636364
15 72.688172 116 50.840336 187 64.071190 188 73.563218 234 74.383302 274 85.227273 275 80.357143 276 80.357143 277 76.637341 373 64.412238 443 56.333333 509 49.382716 533 46.153846
132 42.421383 394 60.980738 414 56.534217 474 54.205100
27 44.545455 28 51.578947 114 67.724868 195 74.322581 196 79.448276 248 76.800000 384 54.444444 428 67.724868 449 75.614367 504 79.448276
28 42.982456 114 65.587045 195 76.637341 196 81.581686 248 85.227273 384 62.307692 421 42.421383 428 56.888889 449 72.023810 503 79.448276
182 66.109340 183 66.109340 254 51.352200 255 66.109340 256 65.046120
217 47.576367
431 49.352628
204 45.248869 333 50.750751 377 52.213189 466 66.553480 467 40.567951 530 75.261324
15 47.619048 187 45.977011 188 46.551724 234 50.364204 274 47.619048 275 50.364204 276 50.364204 277 45.977011 373 43.537415 501 49.382716
170 72.058824 194 76.562500 436 64.000000 527 77.734549
96 51.578947 237 42.105263 239 57.309942
489 54.205100
193 40.378319
21 62.051282 29 55.652174 135 56.250000 306 67.063492 323 53.002070 334 65.250965 376 41.025641 429 81.922675 495 67.500000 529 46.376812
519 42.613636
517 52.825241
22 52.825241 435 48.453983 516 52.825241 518 52.825241
517 52.825241
515 42.613636
488 40.000000 524 41.263158
12 48.453983
7 57.393636 8 52.825241 374 78.924540 454 77.734549 481 51.914982
15 40.653825
488 44.137931 494 42.105263 520 41.263158
59 44.349628 105 54.076208 203 46.461515
95 41.223833 124 48.987854 125 63.533835 126 65.937763 127 48.387097 128 60.076628 199 56.603774 328 57.520176 415 42.187500 459 48.393195 492 41.025641
100 40.198932 170 84.864413 194 89.856437 436 77.734549 441 44.349628 510 77.734549
172 53.214134 310 46.736387 315 53.542510 353 47.316637 375 47.005208 400 58.131868 403 58.347578 407 42.355890 412 41.269841 426 46.293639 434 41.373737 538 46.736387 545 42.572062 549 52.027298 550 46.537842 552 45.691700 555 41.373737
33 41.880342 137 56.267943 273 48.039216 334 42.982456 429 40.392707 514 46.376812
204 40.500000 333 47.020408 377 53.518519 466 68.352223 467 53.087558 508 75.261324
117 40.653825
164 69.097377 168 47.836645 169 41.458426 179 69.097377 330 69.097377 389 54.076208
15 51.020408 188 42.809365 274 44.444444 275 41.379310 276 47.619048 277 42.857143 501 46.153846
34 77.734549
102 52.029024 133 51.509054 309 48.755760 354 53.539823 363 58.272870 382 59.689441 397 57.845817 401 40.626860 438 64.031621 440 49.149660 539 44.814815 540 51.710655 544 55.926352 548 51.167253
314 66.109340 362 40.378319 537 65.046120
314 51.914982 536 65.046120
172 55.113288 310 42.999194 315 40.973545 357 43.281914 375 45.865909 404 49.054505 407 47.454844 426 44.563280 528 46.736387 543 47.189542 547 41.925134 549 41.445475 550 49.054505 555 41.494253
102 41.288937 133 48.537815 354 69.791452 363 57.627119 382 57.820590 397 44.951712 401 60.027413 438 51.571429 535 44.814815 540 50.934744 544 55.251142
102 45.937500 133 51.062092 309 40.533088 354 54.626533 363 50.840277 382 58.724014 397 42.346041 401 43.324492 438 52.103121 440 42.331542 535 51.710655 539 50.934744 544 60.140327 548 47.918538
433 40.909091
172 42.445620 375 43.043296 419 45.546559 550 41.547430
172 50.413390 353 42.178649 375 44.240196 397 44.512899 434 45.473684 538 47.189542 548 47.183673 551 48.484848
102 50.730519 133 54.645874 176 41.928721 309 49.880260 347 43.272400 353 41.012658 354 68.545513 363 66.945440 382 64.826038 397 55.913978 401 50.884073 438 63.442812 535 55.926352 539 55.251142 540 60.140327 548 47.567568
375 41.666667 403 44.485294 528 42.572062 549 45.714286
403 44.021739
538 41.925134
102 41.285714 133 42.074592 309 51.014493 354 43.236329 363 44.418739 382 50.120289 397 40.188383 434 47.877984 438 45.523329 440 42.771413 535 51.167253 540 47.918538 543 47.183673 544 47.567568 551 47.495362
172 47.892720 272 42.899702 310 47.690015 353 44.886032 357 42.160738 375 41.782407 403 43.243243 404 44.459691 434 42.899702 528 52.027298 538 41.445475 545 45.714286 550 41.168091 551 41.860465 552 43.665768
172 51.193820 310 46.016681 315 41.099720 353 41.007752 357 43.448276 375 57.603687 400 44.726166 403 45.546559 404 42.842975 426 47.438330 434 44.458128 528 46.537842 538 49.054505 542 41.547430 549 41.168091 552 42.077922 555 44.458128
172 40.650407 272 42.314050 353 45.552941 375 44.720497 419 47.572016 543 48.484848 548 47.495362 549 41.860465
172 48.011364 272 46.756283 310 42.222222 315 48.261416 353 47.471910 357 45.446009 375 45.300462 400 41.173443 403 52.545455 419 48.396854 434 40.601504 528 45.691700 549 43.665768 550 42.077922 553 40.431267 555 40.601504
552 40.431267
409 43.290043
400 43.235294 403 43.859649 412 44.329004 528 41.373737 538 41.494253 550 44.458128 552 40.601504
14 40.059457 351 43.408072
131 42.822076 437 41.556757
413 65.046120 432 66.109340
