0
1
2
3
3
4
1
1
3
0
0
0
0
1
1
5
5
260
4
6
4
1
0
0
7
8
4
4
261
9
10
11
11
7
12
13
12
14
262
15
15
13
16
16
16
16
8
7
263
17
12
12
18
19
16
20
21
22
7
23
24
25
12
26
27
26
28
28
28
29
264
30
31
31
32
265
266
25
33
34
35
36
37
267
38
39
10
268
40
41
42
26
43
7
44
41
269
45
270
46
16
41
9
47
271
48
272
49
273
48
49
48
274
49
275
50
25
276
277
51
25
52
53
53
278
279
280
281
14
48
54
54
55
56
282
283
57
57
2
1
9
3
1
0
58
58
47
4
59
60
59
284
23
23
23
23
61
61
62
62
62
62
62
62
285
23
23
23
23
23
23
23
23
63
63
286
64
65
66
66
66
66
66
287
288
66
67
68
52
61
61
289
290
61
61
61
4
69
70
70
70
70
70
70
70
70
16
16
71
71
71
72
6
6
291
292
293
294
295
73
296
297
298
74
47
75
75
76
77
45
18
45
45
45
299
4
78
79
61
63
79
68
80
80
63
63
80
63
80
300
63
301
81
302
303
63
79
304
305
2
81
1
306
58
4
307
69
1
308
309
4
82
79
4
79
79
310
79
82
4
4
68
83
84
311
83
84
85
85
85
85
85
85
85
85
44
312
313
86
9
5
87
37
6
37
37
87
314
6
315
316
317
318
319
60
11
60
53
320
88
60
60
60
60
88
89
321
60
60
53
0
2
77
52
90
68
322
323
91
89
92
63
63
324
93
93
94
95
96
96
97
7
23
97
98
43
47
99
325
100
100
101
326
95
95
102
95
95
103
103
97
97
327
104
105
77
106
46
64
95
328
107
108
329
107
109
110
24
111
112
113
113
19
330
331
332
333
62
19
42
114
114
16
29
29
98
115
77
59
59
59
59
116
116
117
334
63
7
7
335
106
106
118
119
119
119
24
90
24
53
120
108
121
107
107
67
122
122
336
67
7
337
338
115
339
7
7
43
78
123
123
105
340
124
61
23
80
341
125
10
342
24
112
62
343
126
58
42
35
35
42
98
127
127
128
129
130
131
42
344
13
128
345
65
346
132
81
28
81
81
81
23
132
132
347
131
59
68
81
59
348
133
34
123
123
65
29
27
349
19
19
129
134
115
135
135
134
136
136
109
44
350
28
104
80
137
137
137
44
351
120
81
96
352
138
47
46
139
139
47
140
141
141
138
32
142
32
353
143
142
143
143
354
144
144
62
355
24
356
29
29
77
35
35
145
146
357
358
35
30
359
360
147
126
126
361
362
148
148
58
149
149
150
150
363
31
42
42
42
364
365
366
151
152
153
154
367
61
155
59
90
156
368
157
157
157
157
369
370
158
371
372
159
93
373
106
374
153
77
106
159
47
47
375
147
61
160
160
86
122
161
161
376
47
58
162
102
377
81
378
81
163
163
163
141
379
88
157
47
53
380
8
381
164
382
48
41
383
124
165
166
166
152
154
167
47
29
384
164
58
168
168
40
385
59
386
42
387
4
2
388
169
90
389
390
391
392
170
35
170
171
171
171
393
107
107
63
81
172
103
103
103
103
103
103
394
395
396
397
173
398
399
400
174
401
85
85
85
35
35
24
175
34
402
40
403
81
81
156
46
24
404
405
24
139
142
24
35
35
176
406
177
178
177
137
18
407
25
179
60
76
76
168
408
72
22
60
409
72
410
411
412
103
8
147
145
108
145
180
14
413
121
108
181
107
108
182
183
103
414
181
145
121
114
182
162
415
184
107
53
112
416
38
185
185
144
417
186
418
419
118
420
118
118
78
421
422
423
424
93
77
59
53
97
101
425
167
100
426
47
47
92
427
92
180
77
428
38
429
24
35
430
187
187
187
187
97
97
187
187
101
181
182
431
432
101
101
101
433
434
188
435
436
437
438
111
99
439
440
180
441
107
107
107
107
107
442
189
189
189
176
176
443
176
190
51
190
190
190
190
190
190
54
54
444
445
27
446
447
448
105
105
191
191
77
43
192
449
450
451
151
184
107
180
193
193
166
35
35
452
453
8
78
121
172
113
146
107
165
454
89
455
456
47
47
99
99
22
194
194
110
110
195
98
99
47
33
457
47
47
47
99
116
192
458
35
459
11
460
461
60
462
158
463
104
104
104
114
8
147
162
121
107
196
123
197
164
464
173
465
60
198
198
191
147
466
467
468
77
469
60
470
126
126
103
193
471
472
473
43
474
475
476
477
199
199
478
59
27
125
200
114
70
61
94
94
95
129
8
479
135
83
41
40
480
481
482
121
483
121
201
160
484
485
486
487
27
27
142
95
152
152
488
489
75
81
28
490
491
99
156
492
27
493
202
494
495
25
91
65
138
496
186
497
148
498
203
114
47
162
102
162
114
159
90
197
91
499
500
501
502
139
128
152
503
204
59
504
205
505
70
206
206
506
507
508
201
509
207
200
510
16
151
133
511
512
513
514
199
199
199
164
134
515
143
143
35
516
517
518
519
98
50
169
208
7
520
521
522
523
524
122
525
526
158
147
35
46
527
57
528
24
529
8
130
84
530
145
209
531
19
106
532
129
533
534
190
27
210
535
142
536
537
59
211
120
120
538
25
152
539
102
540
26
7
541
542
125
203
543
544
7
7
25
210
55
28
545
546
96
178
35
547
548
549
550
551
108
552
212
212
212
553
35
95
148
554
165
555
213
556
19
557
95
558
202
127
111
35
179
214
559
177
50
560
561
35
153
154
562
563
29
564
565
566
199
567
173
568
174
174
569
215
215
570
151
175
175
175
175
216
216
571
34
572
34
573
133
574
196
40
102
40
34
575
576
200
577
578
579
580
35
581
582
25
128
583
584
89
585
586
587
131
130
51
154
588
130
195
24
75
589
590
83
80
591
592
192
217
60
593
594
190
199
595
213
218
83
596
597
598
35
184
216
36
599
600
601
219
219
220
602
221
222
221
222
222
223
102
165
43
43
190
603
604
224
185
605
129
606
7
607
73
87
608
35
609
152
199
610
98
611
612
613
614
132
615
122
13
616
617
92
618
35
98
619
46
81
185
157
43
129
620
621
86
203
622
623
59
155
77
59
624
625
225
225
225
225
46
140
626
627
28
628
629
202
630
37
77
226
77
226
226
77
77
35
7
29
127
631
632
633
66
135
227
173
51
103
144
219
144
144
228
228
21
6
634
228
217
217
217
97
208
48
89
107
635
55
55
55
110
110
211
91
636
91
91
188
44
44
44
130
117
90
203
637
638
208
639
192
640
641
642
99
218
85
643
644
645
646
211
150
92
195
647
52
212
5
648
649
21
229
229
229
190
190
51
650
230
231
16
651
652
232
233
83
27
234
176
653
27
654
655
163
163
656
235
185
657
155
176
658
172
236
205
237
208
659
660
661
103
662
663
664
665
666
189
667
668
669
208
208
208
238
2
83
85
85
670
4
27
231
56
222
236
671
233
7
672
19
224
183
101
101
673
69
674
224
675
676
677
678
679
680
88
681
38
121
121
187
212
682
58
185
2
214
94
683
684
17
17
685
686
687
688
194
155
689
73
690
82
239
691
692
163
163
693
40
240
694
237
223
695
696
222
697
225
241
241
223
698
699
169
176
700
242
701
192
227
702
221
222
703
222
704
243
15
99
64
244
244
705
35
240
99
61
245
706
707
708
124
709
238
214
43
710
246
133
239
183
711
712
713
714
715
716
24
218
204
204
35
717
20
53
69
97
247
177
212
212
212
212
718
719
5
189
6
720
73
721
108
241
722
723
240
724
725
726
8
727
70
140
35
728
729
730
233
157
65
731
732
733
234
734
735
47
47
736
25
152
737
209
67
738
35
35
35
35
121
173
85
146
58
78
739
74
74
227
140
46
97
740
110
741
110
742
167
213
248
78
152
743
152
249
236
236
744
242
242
128
745
250
746
70
747
203
193
147
748
749
244
750
150
27
249
251
751
161
752
753
754
755
56
127
127
30
149
117
203
121
756
757
758
252
56
167
154
154
154
759
190
198
760
761
253
762
763
168
173
186
764
250
250
199
249
179
179
128
249
765
766
767
768
769
193
253
35
770
771
772
50
773
250
35
19
25
774
159
117
209
78
775
254
83
203
776
777
778
240
234
779
780
207
207
781
205
151
239
65
782
235
161
140
126
783
148
784
785
786
787
167
167
788
206
789
790
35
35
46
791
255
255
179
254
792
793
794
245
245
795
51
796
797
140
798
799
800
205
801
802
81
90
803
163
804
805
806
807
204
185
256
808
107
132
809
212
41
74
810
203
111
227
35
193
147
203
203
51
811
148
157
192
173
236
812
813
814
815
252
252
816
252
252
817
818
238
819
254
820
40
41
220
188
188
248
248
251
248
248
821
230
255
243
822
823
65
251
251
824
124
825
826
197
827
192
231
231
231
220
828
47
829
830
253
831
163
832
833
834
835
170
46
836
837
163
74
247
247
257
201
7
838
111
56
839
111
39
17
840
33
841
190
842
843
140
844
246
199
845
178
136
846
847
171
222
243
36
58
848
849
850
20
256
256
851
0
69
852
210
187
853
854
173
855
856
857
858
39
204
859
173
134
203
109
860
244
861
47
232
862
230
230
230
863
864
97
190
865
58
866
867
868
869
870
196
258
258
871
872
873
222
237
222
874
212
875
222
876
877
878
879
880
881
882
883
136
196
884
33
198
885
886
74
74
887
888
246
889
222
243
890
891
235
76
892
157
212
893
894
10
231
196
895
896
100
897
898
899
900
132
901
249
902
83
83
83
83
257
212
259
259
259
232
257
903
904
905
906
907
27
161
908
65
909
910
911
912
913
110
914
58
58
259
134
196
196
215
58
58
155
58
58
58
58
58
58
258
148
