691 6787 11205 20885 
692 2198 11206 
2 5450 
3 3265 
3 3265 
4 695 3266 11206 
692 2198 11206 
692 
3 
691 6787 11205 20885 
691 
691 
691 
692 
692 
5460 6799 
5460 6799 

4 695 1420 3266 8178 
7 1420 
4 
692 2198 
691 
691 
8 4328 33174 
9 4328 17575 
4 695 
4 695 

11 
12 5471 
5472 15957 
5472 15957 
8 4328 33174 
1427 6814 8191 
5474 
1427 6814 8191 
16 17584 
6817 
18 3290 
18 3290 
5474 
19 3291 6819 11236 
19 3291 6819 11236 
19 
19 3291 6819 11238 
9 17575 
8 4328 33174 
6817 
5481 
1427 
1427 8191 
21 6824 
22 8201 
19 11238 
23 
24 
717 3291 11236 
8 4328 33174 
5489 11245 
27 2236 15977 
5491 9729 12810 
1427 
5493 6834 11249 
30 
5493 6834 11249 
3307 6836 8211 
3307 6836 8211 
3307 
3308 5497 
3309 
34 
35 6841 
35 6841 
36 


5491 9729 12810 
39 6845 
2249 3316 5505 
41 3317 6847 15977 
5507 
43 

45 6851 
17621 
12 5471 
6853 
48 5512 
49 741 9751 
3326 5514 
5515 6834 
51 5516 
8 
5518 6859 
49 741 9751 
6860 
54 6861 
3309 
55 3331 5521 12839 
19 
49 741 5523 
11 
56 1470 3333 5524 11281 12842 

3335 

60 6869 

3335 
60 6869 
3335 

60 
6841 
3341 6874 
5491 9729 12810 

3343 5536 
67 5537 6876 
5538 6877 9729 11295 
5539 6878 
3347 5540 
3347 5540 


3350 

16 17584 
3335 
5546 
5546 
3353 
3354 6887 


5551 6890 
5551 6890 
2 5450 
692 
11 
3 
692 
691 
770 6787 
770 6787 8272 11205 16042 20885 
56 1470 3333 5524 11281 12842 
4 695 
81 3365 
5561 12878 17670 21000 
81 773 5562 6899 

5489 11245 
5489 
5489 
5489 
5563 9802 
5563 9802 
3369 6901 8281 
3369 6901 8281 
3369 6901 8281 
3369 8281 
3369 5565 
3369 

5489 11245 
5489 
5489 
5489 
5489 
5489 
5489 
5489 
86 6905 8293 12897 
86 6905 8293 12897 
8294 
5569 
89 5570 
90 8297 12901 
90 8297 12901 
90 12901 
90 
90 12901 


90 
92 6915 
784 5576 
5539 6878 
5563 9802 14490 
5563 
14490 
14490 
5563 9802 27979 
5563 
5563 
4 1511 5579 
787 5580 
96 5581 8312 9831 
96 5581 8312 9831 
96 5582 
96 
96 5581 
96 
96 
96 5581 
19 
19 3291 6819 
5588 
5588 
5588 
5589 
7 1420 8178 14504 
7 14504 
6931 


3394 
3394 
3394 
5595 
6936 

106 5598 6938 
56 1470 3333 5524 8332 11281 12842 
5599 
5599 
5600 6940 
3401 9854 11370 
54 6861 
21 6824 
54 
54 
54 
3405 
4 5606 
3407 5607 
3408 5608 

86 12897 
3408 5608 
784 5576 
3410 6905 8293 
3410 
86 
86 
3410 5614 6905 
86 6954 12897 
3410 
809 
86 
5595 
115 5617 6957 


86 6905 
3408 5608 14537 


2 
115 5617 6957 
692 2198 

770 6787 8272 11205 
4 5606 
3265 
787 5580 
692 


4 695 3266 5606 
5628 
3408 
4 695 3266 5579 11206 
3408 14537 
3408 14537 
1511 
3408 14537 
5628 
4 1511 5579 
4 695 
784 5576 
125 3427 5633 6975 
126 3428 
3428 
125 3427 5633 6975 
126 3428 
128 5636 
128 5636 
128 
128 
128 
128 
128 
128 
5518 6859 

6986 
826 
11 
5460 
5647 
43 6799 
7 1420 
43 6799 
43 
5647 

7 1420 
6996 
6931 
6996 
3445 5653 
3445 5653 
5561 12878 17670 21000 
5472 
5561 12878 17670 
3347 

16169 
5561 17670 
5561 
5561 
5561 
16169 
832 1558 5658 

5561 13006 17670 21000 
5561 
3347 
691 
2 
3401 9854 11370 
6878 
140 
784 
6954 
3428 
142 3427 
832 1558 8412 15957 
836 5670 
86 6905 8414 
86 
8414 
145 
145 

147 3462 13023 
148 5676 
148 5676 
3464 5677 
8 
5489 11245 
3464 5677 
150 843 5516 14605 
51 843 5516 
56 1470 3333 5679 
151 5524 

3468 4519 
3468 4519 
3469 4520 

147 3462 13023 
147 3462 13023 
156 7024 8429 11469 
147 
147 3462 11471 
5686 8431 
5686 8431 
3464 5677 22874 
3464 

159 3475 
4527 
3401 8436 11370 
161 
55 3331 5521 12839 
5569 
147 
11471 
163 3480 17584 
3481 4532 
858 4533 
163 858 4533 
4534 
167 5699 7039 
27 2236 15977 
3317 6847 9963 
4537 
170 3486 
170 3486 
22 8201 
8448 



3369 5565 
22 
3326 5514 
174 5707 
174 5707 
19 11238 
3308 4545 
3308 
150 3492 14605 19506 
175 5711 
3401 8436 
81 773 5562 9751 
81 773 5562 7052 9751 
81 773 
81 3365 
176 3495 
176 3495 
4550 

86 
8 
8 
5711 
161 9982 
161 9854 
9982 17865 
4558 
4558 
4558 
27 
140 1605 5471 13077 
27 
3347 5540 
13079 

183 3507 4564 8312 
163 3480 17584 
163 3480 
92 6915 
5538 6877 21215 
5538 6877 11295 
6915 
92 
8 4328 
13084 
5551 13084 
175 5711 

8 
8 
51 4328 8483 
3407 5607 
5734 
5734 
4527 

2444 
5737 27979 
5489 


4576 
12 

27 
4537 
3369 5565 

196 3523 
770 6787 8272 16042 17898 20885 
3326 
41 3317 10013 
41 3524 10013 
3326 5514 
150 843 
891 2455 4582 
891 2455 4583 
198 11543 
2457 
894 5751 
201 4587 
3326 

5474 
198 11543 
8505 
89 5570 
8505 
204 8505 
115 5617 6986 
3307 6836 
115 
115 
115 
5489 
204 2466 
204 
899 4587 
201 4587 
81 3365 
784 
115 
81 773 
4598 
3316 
2249 3316 5505 
16299 
5734 16299 
89 5570 16300 
3308 
30 

22 
22 8201 
2457 
209 3445 5653 
175 
4605 
4605 
209 
4606 
4606 
4534 
5518 

3307 
159 3475 
3410 
3475 
3475 
3475 
5518 6859 


115 
148 5676 8448 
8448 
4614 
56 911 10059 
55 12839 
215 7131 
215 7131 
56 911 10059 
3331 5521 
4619 
4619 
4614 
36 
2492 
36 
6986 
917 6957 
2492 
917 7137 
917 6957 

919 5797 8549 
919 5797 8549 
3369 8281 
1652 
27 

3308 5497 
3308 5497 
3401 8436 11597 
41 3317 15977 
41 3317 4627 
2500 
224 4629 


41 3524 
34 

5676 
228 7147 
196 3523 
196 


2508 
2508 
770 17898 23029 
4638 
4638 
233 7154 
233 7154 

35 
3326 
3326 
3326 
3307 8211 
10090 
10090 
237 10090 
238 3579 11543 
4645 
240 3581 4646 5821 

5563 
1669 
81 3365 
140 1605 
242 13189 

2522 3584 4651 
2522 3584 4651 
4651 
2522 3586 


4654 


4657 8587 
145 

161 
17865 
4645 

161 
4657 8587 
56 1470 3333 4664 
56 1470 
4664 
228 7147 
27979 
4666 
4666 
826 
5538 10116 37282 
1681 3602 4668 
1681 3602 4668 
3602 
56 1470 

5707 13215 
156 7024 11469 

115 
6954 
115 
2544 7192 
2544 7192 
2544 
4619 
6824 
16169 
2522 3584 4651 
56 1470 3333 5524 10059 12842 


9 13227 17575 
4627 
4678 
3468 
3335 
49 5523 
6899 
2444 
265 2553 8483 
4683 
4683 
238 
240 3581 4646 5821 
3581 
56 1697 
3308 

4678 
770 6787 16042 17898 
4688 
4688 
48 5512 

81 773 

3326 5514 

4 5606 
2 

272 4693 
140 13077 




4697 
41 
4697 
276 5881 
276 5881 
276 

163 
163 
86 
115 
4706 
5686 
5686 
5686 
5686 
5686 
5686 
809 3410 5614 



2581 8660 
3405 


3643 4714 
3643 
128 5636 13276 
128 
128 
41 3524 
41 
27 
287 3648 
2249 4721 

48 

115 
115 
242 13189 
55 
27 

4598 
27 
215 
2492 
27 
41 6847 
41 6847 
7261 8294 
8294 
293 5918 
1728 3584 
293 5918 
3475 
21 

5491 11295 
994 5922 
5561 
5600 6940 

4688 

5589 
717 3291 11236 
5561 13309 17670 
4740 
5589 

4742 
6853 
5686 
9 
228 
2500 
3481 4532 
2500 
300 858 
16 
13227 
183 8312 
3481 4532 
302 
163 3480 
1002 3481 
7283 
4750 
5686 8431 
13227 
302 
2500 
183 8312 
174 
7283 13330 

13330 
4756 
163 
3347 
4537 
5949 
45 6851 
2625 5950 
2625 5950 
919 

309 3462 

899 
9982 

9982 
9982 
3407 5607 




145 
3401 
81 773 
3347 
3464 10254 
3469 4520 

3581 5821 10256 
4519 

56 911 
56 911 
836 5670 
7154 
836 5670 
300 858 
1016 2640 
13006 
45 

27 
41 
3405 
1761 4520 10270 
1761 4520 10270 
10270 
10270 
3464 
3464 10254 22874 
10270 
1761 

302 4782 
7283 


3469 
3469 

2544 7192 

1023 4788 5987 

899 4587 

3523 
9963 
151 5524 11281 

6936 
300 858 
3309 
163 
163 
163 
163 
163 

2661 
2661 
2661 
7261 
7261 

7261 
2663 6876 21557 
67 5537 6876 
2663 7346 21557 
2663 
2663 21557 
2663 
2663 
1033 7346 
5546 
4804 


30 
4782 
4782 
11471 
4527 
4527 
4808 
4808 
3401 
51 2553 
339 6012 7359 

4810 

237 1039 
4756 
163 
300 858 
2675 
2675 
4683 
41 
41 6847 

4683 
9 
3407 
183 
4706 
170 
224 4629 
163 
265 

832 5658 
891 4582 

56 1470 
56 1470 
151 5524 
151 
717 3291 
15016 
6996 15016 
167 5699 7039 
167 
349 6037 
150 
151 
56 1470 
39 6845 
5679 
56 1697 
56 1697 6042 
56 1470 
151 
176 
339 
4740 
41 

5472 

13309 
5561 
13309 
4654 

159 
159 
159 
174 
9 
228 7147 
13215 
183 3507 8312 9831 
163 
7409 
16299 
4855 
4678 

2713 
8412 
5561 
1033 7346 33953 
33953 
4808 
228 

3350 
11597 
1016 2640 
11597 
5561 

196 
196 
5686 
2675 

8587 

51 




2726 13189 
2726 13189 
4545 
81 7052 
30 2728 5493 11249 
4576 
1039 8869 
174 
96 4873 5582 
5563 
13497 
13497 
147 
2457 
9 17575 

4605 
125 3427 6091 6975 
49 5523 
48 5512 



183 3507 7442 8312 9831 
4564 
183 7442 
4882 
4666 


6899 

30 
30 
2492 
147 3462 
238 3579 7451 
238 



115 
3307 
5608 

151 
242 

30 2752 5493 

2754 
5949 
5949 
5491 11295 
142 3427 
89 16300 
4614 

309 3462 

2508 
13330 
388 2752 15120 
174 
56 1697 
13215 
156 7024 8429 11469 
13215 
174 

140 1605 
4855 
142 3427 




215 
198 
238 

1091 6136 
81 7052 
4740 
4915 

96 4873 
4917 
4917 

4742 

4882 

6145 7442 
1039 8869 

19 11238 
237 
3316 
4598 


13006 
2726 13189 
2726 
2726 13189 
4678 
209 3445 
4627 
7137 
7137 18385 
41 6847 
4931 

6091 

150 843 3492 14605 
3341 6874 
272 4693 
1856 2788 4693 
8 

891 4582 
1106 


5538 10116 21215 
4664 

4654 
228 7147 
41 
55 

6890 

27 
5539 
9 
894 5751 
126 

2500 
411 3864 
10256 
22 
161 

2457 8297 


2663 
30 
4949 
4804 
2492 
3495 

81 7052 
3290 
13079 
13079 

5491 12810 
238 

156 7024 8429 12041 

4957 5515 
8 
6091 

4576 
388 7535 21800 
3880 

8 
8 

4949 
3353 
3307 6836 


148 
1728 3584 
41 3524 

4971 
4971 

4564 
1002 3481 
4614 
2828 12062 
2828 12062 
2828 

41 3524 
147 
2508 

265 2553 8483 
7451 
4977 

22 
4742 
147 3462 13023 

2754 
891 2754 4583 
9963 
41 3524 
994 5922 
4981 
5918 
293 
6874 
3880 

41 6847 
4645 
240 


3308 5497 



2726 

2581 8660 

3643 4714 
4714 
3643 
4994 
4994 

237 
287 3648 
287 
287 
287 
3648 
3648 
4545 
5505 

2249 5505 

3316 


48 16867 
156 
48 5512 16867 

3486 
3486 
7591 8869 
1106 5881 

832 8412 

41 


5491 
198 


832 5658 
5679 


201 
894 
67 
240 
5021 
894 5751 
349 6037 
27 2236 
5599 


125 3427 5633 6975 12128 
3410 
3864 

339 6012 7359 
461 
5561 


2663 
2726 
3495 
4977 
2466 
125 
3940 


41 6847 
4756 
3648 
5507 



5036 
5036 
5037 

5038 
471 5699 
5038 
471 
471 
5699 10617 
156 
265 
51 2553 
51 2553 
2663 21557 
894 

475 
2625 

2457 

8 
3405 
3394 
5647 
919 
41 6847 

238 
2726 
8414 
150 843 3492 




204 6300 
3523 
5538 10116 21215 



836 5670 
836 
41 3524 10013 
150 843 3492 

55 
115 
2625 
2522 3586 
51 
2457 


826 5595 
388 7535 21800 
6860 
4619 
81 3365 
1669 
3401 
81 3365 


2930 
2930 
2930 
2930 
55 
3331 


3307 


2754 
3265 
43 
3401 
1016 13780 
3401 
1016 13780 
1016 13780 
1016 2640 
3401 
41 3524 
8 
3308 
891 2455 4583 
10256 


90 
4605 
2713 
2581 8660 
67 
5686 
919 5797 15374 
5036 
919 5797 8549 
919 5797 8549 
5797 15374 
5797 15374 
24 
7 1420 8178 
1965 
5797 15374 
461 4629 
461 1965 
461 4629 
3464 10254 
1856 
3335 
832 1558 
163 

3353 
3353 
3353 
167 
167 
3290 
142 3427 5633 7704 

142 7704 
142 7704 
1023 4788 5987 
5518 
5518 
5518 
894 
4550 
140 13077 
388 2752 5105 15120 22021 


2788 
6012 
339 



151 
2466 
128 


5113 
5113 
3290 
233 
836 
349 


2828 

1106 

24 
5120 
5120 
5120 
1213 
2663 
67 5537 

5123 
2970 4788 
19 11238 


5127 
1427 9214 
125 
30 2728 5493 
5131 
7261 

30 2728 5493 


2544 
2544 

19506 


1669 
7261 

4706 
518 
4915 
5139 
1856 
17070 


5686 
6887 


5144 
5144 
2661 



2788 
2788 
2788 
12307 
2 5450 
125 
128 
128 
787 
4 1511 
30 
2970 
3354 6887 
471 
518 6037 

1427 6814 9214 
8 
6817 
22 
475 
4750 

3469 

787 

475 






16169 
6851 
45 
183 
183 
10270 
2828 

770 
2625 5950 
2 
4981 
13497 
7131 

5481 





15016 
1669 
6931 
3394 

5628 
5179 


2544 
2544 
13276 
48 16867 
5183 
784 
5139 
10617 


471 

2930 
5188 
5188 
10617 


272 
7261 

5193 

339 
2713 
836 
5038 
471 

471 

5200 
18 
151 
5569 
5203 
5203 
3350 
41 3524 
5183 
151 
5563 
5205 



2444 

12307 
4981 
51 

563 5598 
3316 
5179 
4750 

3468 
4971 


1652 
27 
2466 
1091 6136 
1091 
41 

23 

787 5580 
3464 10254 
3880 
293 
2828 
2828 
2828 12062 
2828 



2661 
7 14504 

3394 
13276 
1002 3481 
5188 


5183 
5038 
17070 

9 

96 
3331 5521 
41 


3343 5536 
1427 9214 

89 



5131 


56 1697 3333 6042 8332 
56 1697 5241 6042 8332 

5491 
238 
1652 
411 3864 
92 

41 6847 
41 6847 
41 6847 
41 6847 
183 
2581 
128 
224 
23029 

5737 
106 5598 6938 
106 6526 6938 
2713 
3331 5521 
55 
3464 10254 

167 7039 

167 

3581 
4977 
5260 
3407 
238 
5737 
238 3579 
587 3343 5536 
518 
518 
7591 
5193 
5193 
198 

590 4149 
6936 
96 4873 5582 

388 2752 5105 15120 21800 
2675 
228 

4149 
5203 

233 
30 2728 5493 
587 3343 
5275 

4668 6554 
6555 


6555 
3354 
891 2455 4583 
891 
34 
4638 
4550 
388 7535 22021 
183 



5241 
3354 
3581 
240 4646 
240 
240 
5113 
1213 
1033 


606 7024 


4688 
2581 
309 3462 

590 4149 
590 
2726 
587 3343 
994 
994 
198 
587 3343 
5021 


5021 

2675 
606 7024 12041 20627 
41 3524 
6555 



3341 
590 
41 
22 
5491 
7451 
4657 
4550 
411 
3407 
6860 
615 4185 
125 
388 2752 5105 
3350 

4957 5515 
5183 
5131 


6145 
6145 
4810 
4915 
237 
5179 
89 16300 

19506 
1681 4668 
3331 
196 
994 
2508 




3581 
3581 
911 
4917 
809 5614 
6554 
41 6847 
41 
55 

5329 
5329 
994 5922 
615 4185 



5205 
5205 
6901 
67 
4931 
18385 
3331 


6869 
4915 
20627 

115 
140 1605 5471 

2544 
6845 

858 4533 

1091 6136 
2625 
5339 
1965 
163 
204 6300 

2828 
49 741 
106 

388 2752 
9963 
2713 
41 6847 
2675 
228 
388 7535 22021 
388 7535 22021 
67 
3309 
2508 
2522 3586 
339 7359 
2581 
518 
6554 
7591 

5352 
5241 
5241 
5144 
5241 
5241 
13084 

6861 12307 
4185 
615 
4185 
48 
49 5523 
5037 
1023 5359 5987 
1023 
5260 
5260 
5275 
5260 
5260 

5123 
5329 
5200 

20627 
89 
5275 
5275 

2444 


4855 

339 

2970 
2970 
5037 

56 1697 


606 7024 12041 

2544 




4697 
55 

1091 
2544 
106 6526 
3880 
3880 
5380 
4882 
8 
4810 
9963 
3354 

9963 
17621 
5481 
6853 
39 

1213 
6940 

3331 

563 5390 
2726 

1728 3584 
4606 

1106 
276 
471 
5200 
5507 
770 



23 
5339 
5339 
17865 
691 
787 
4804 
4949 
10270 
5390 

2581 8660 17070 


4957 

17621 
1091 

2581 
209 3445 
388 7535 21800 
4534 

5203 

56 911 
5127 

5123 
5123 
5123 
37282 

3464 10254 22874 
2663 

23029 


5352 
5352 

7409 
5409 
5409 



471 
5139 
471 

2828 

471 

4721 
4721 



5390 

4606 
7409 
2828 
39 
33953 


106 
106 6526 
18385 

563 

471 
5200 
1023 5359 
1023 5359 
19506 
5600 

2522 3586 
2828 12062 


12 
2970 
7409 
4931 



3940 
3940 
3940 
204 6300 8505 

587 

125 12128 
125 12128 
125 12128 
125 12128 
5380 
2828 
5435 
5435 
5435 
5127 
5380 
3864 
37282 
4149 


30 
1681 
3602 
89 16300 


3341 


167 7039 

23029 
23029 
5435 
209 3445 
7409 
7409 
4994 
23029 
23029 
1669 
23029 
23029 
23029 
23029 
23029 
23029 
5409 
2508 
