0
0
0
0
0
0
0
0
0
0
0
0
0
0
0
0
0
0
0
0
1
0
0
0
0
0
0
2
2
0
0
0
0
3
4
5
4
2
2
6
2
2
6
7
7
2
6
6
6
6
2
8
2
2
2
2
9
10
2
6
11
12
5
6
6
13
6
2
6
4
2
2
14
15
14
6
4
8
8
16
17
6
6
6
18
6
11
5
6
19
4
20
21
0
0
19
16
22
4
4
6
19
23
6
2
2
7
2
18
18
24
25
7
19
17
4
6
23
26
27
3
6
14
4
28
284
6
29
30
6
28
7
2
6
6
2
31
6
32
33
9
31
4
32
5
28
28
6
25
2
14
23
34
2
35
36
2
37
28
38
39
285
6
40
41
0
26
0
0
0
0
26
0
0
0
0
26
4
4
29
23
0
42
43
43
44
43
45
45
24
19
5
5
24
5
4
46
6
43
6
43
43
43
43
43
18
47
18
2
6
48
13
19
2
0
0
49
286
0
50
51
2
31
2
0
31
51
4
4
45
45
45
45
47
45
45
0
0
52
14
53
52
2
52
52
9
6
6
54
54
55
54
56
57
4
58
1
27
21
1
287
58
26
26
0
59
1
0
4
3
288
60
60
60
3
60
3
4
61
4
4
11
4
289
11
6
62
54
0
54
47
45
63
18
47
6
23
23
23
47
47
64
64
47
57
5
39
65
290
291
66
292
293
67
65
65
294
295
65
65
66
66
47
68
18
19
26
69
26
70
26
0
0
26
0
71
26
26
26
68
68
72
72
55
26
68
0
296
54
73
68
26
54
54
68
68
54
0
4
74
57
74
25
5
57
7
7
7
7
7
7
7
7
18
297
4
39
18
0
3
75
60
60
75
21
1
26
58
58
75
27
298
75
1
0
27
1
21
48
76
5
5
5
5
5
5
4
5
5
5
5
5
5
5
5
5
77
78
0
0
299
26
4
18
79
5
300
80
45
57
28
5
81
5
13
81
45
4
45
4
23
2
6
2
6
11
82
82
2
6
9
82
2
2
54
27
40
83
4
84
58
58
85
85
2
2
2
2
2
86
86
82
66
18
23
78
87
4
88
301
6
89
17
2
2
30
6
32
22
90
90
4
4
0
91
91
5
4
4
5
92
2
32
6
2
14
93
94
6
7
16
2
95
2
2
16
96
97
5
23
5
13
4
30
30
7
6
47
2
2
302
16
98
50
97
4
4
97
4
4
4
4
4
4
49
5
52
17
99
53
53
2
2
6
9
6
31
15
2
303
95
2
100
2
2
2
50
0
0
101
102
78
47
23
6
63
6
6
4
4
4
11
18
2
49
47
4
26
103
2
4
4
6
2
6
104
2
50
95
19
15
5
0
4
2
46
105
32
31
44
78
11
39
39
4
39
6
106
2
43
5
5
4
5
39
4
107
19
19
6
108
32
15
14
46
34
2
2
2
0
304
76
50
6
17
305
109
90
109
90
4
5
39
4
11
4
4
4
4
79
52
52
11
11
11
4
3
4
5
40
3
4
4
11
4
4
18
4
4
4
70
18
4
4
48
13
13
49
0
4
104
104
16
16
110
69
111
4
4
6
112
113
104
113
4
43
4
4
111
6
114
49
306
115
116
307
54
62
62
13
19
308
309
117
118
39
6
2
6
4
310
119
16
6
120
120
14
311
121
28
116
312
79
23
4
4
4
122
123
124
44
101
313
125
116
32
4
5
105
15
6
314
126
4
60
24
315
127
4
4
128
66
129
129
7
0
60
6
47
15
63
5
316
130
24
42
131
56
132
132
132
317
26
9
1
2
7
78
45
11
133
133
133
4
4
39
116
11
3
32
5
134
6
84
318
319
135
4
320
14
5
23
43
321
84
322
136
136
32
36
32
7
3
4
37
323
2
24
3
0
0
6
137
324
11
5
5
55
6
97
14
7
3
26
1
5
27
5
9
4
4
5
138
325
101
4
139
140
91
140
30
6
2
2
47
39
91
86
86
86
86
86
86
326
23
16
15
48
16
327
328
41
41
23
90
141
7
7
7
7
4
4
4
142
5
19
16
5
19
329
112
143
39
39
101
15
4
4
5
144
19
4
127
4
4
4
4
27
5
145
145
6
6
124
4
11
6
2
25
5
71
88
61
330
137
28
128
55
128
5
5
4
331
55
128
332
2
130
6
2
6
6
6
6
6
2
6
6
14
14
93
2
333
14
10
10
6
2
6
53
9
10
9
334
53
2
32
116
4
22
22
39
1
50
60
50
2
28
146
34
19
147
18
92
92
148
64
63
135
135
335
69
149
5
5
65
150
19
100
4
72
3
336
0
131
62
53
5
151
6
22
4
4
4
5
337
152
6
97
82
150
65
152
82
58
53
53
17
104
153
58
76
58
13
24
121
154
19
19
93
49
101
7
105
105
53
17
155
2
2
2
2
2
2
30
19
338
339
9
9
340
41
41
20
156
20
20
20
20
34
20
34
34
35
14
15
34
34
2
78
23
83
83
19
4
69
63
341
6
157
12
83
342
2
9
158
159
58
343
18
4
4
6
124
6
99
45
44
14
91
160
160
9
19
161
80
5
4
25
162
50
3
3
3
344
6
146
27
68
146
90
66
163
6
345
3
77
56
3
101
3
164
7
108
20
32
4
165
14
5
5
5
5
5
5
18
78
346
23
78
118
2
6
118
53
2
7
135
12
12
52
347
11
16
116
5
166
20
348
3
96
83
10
83
52
65
65
90
65
65
65
65
65
65
65
65
65
65
65
65
24
2
349
149
350
351
5
0
167
167
352
30
86
65
65
10
10
56
6
82
150
353
354
355
56
102
16
5
14
168
15
6
83
47
2
168
31
6
2
5
169
74
87
356
19
19
5
170
52
14
14
0
15
2
5
5
5
14
14
9
89
31
31
130
97
32
61
31
2
111
78
4
6
14
118
1
60
96
122
6
9
171
84
4
56
357
358
37
31
172
4
4
5
173
359
2
2
130
87
360
130
174
93
3
170
2
118
118
118
4
12
5
6
5
170
5
60
361
32
9
9
16
23
4
104
2
7
362
9
28
104
56
175
11
36
61
155
29
118
5
0
94
363
114
176
12
14
2
7
134
6
6
15
177
50
19
63
178
5
5
22
123
2
0
91
6
28
17
364
4
365
366
167
4
4
9
179
24
22
74
2
2
2
2
367
154
2
15
4
180
6
368
369
370
7
54
25
4
129
6
101
181
88
5
2
40
85
4
5
2
371
30
182
77
5
173
37
140
372
183
184
31
32
4
32
0
0
135
61
373
87
54
30
14
6
83
4
185
30
6
151
7
374
98
93
19
25
186
32
31
186
375
17
376
2
2
74
377
187
4
53
6
49
125
187
2
378
0
2
2
2
31
379
122
380
381
382
118
6
78
12
383
48
384
4
89
89
188
89
0
24
19
189
101
0
23
9
9
16
93
93
4
6
190
104
104
16
101
2
385
386
163
62
191
387
121
388
389
16
85
3
4
111
123
25
14
114
390
391
2
126
192
392
25
0
0
101
50
50
7
393
18
394
193
193
395
187
15
31
22
112
4
121
121
396
148
117
13
5
15
194
6
148
195
122
168
16
397
141
90
90
398
196
196
196
196
2
48
142
142
95
142
142
142
399
400
16
19
19
19
25
19
0
3
107
107
107
178
19
122
19
19
401
197
160
198
18
112
402
403
50
104
404
5
88
5
405
4
124
406
6
31
31
127
15
88
5
3
407
408
28
0
409
19
19
19
410
20
28
66
411
77
163
4
7
7
7
93
175
68
412
180
10
74
45
413
199
199
199
414
11
22
200
201
183
84
202
112
415
416
203
203
5
15
7
204
417
186
418
96
419
17
205
6
23
166
420
22
44
74
206
127
207
207
3
99
208
17
421
12
4
208
34
422
423
424
3
2
24
24
209
209
14
2
425
426
210
66
211
210
66
58
7
191
191
427
428
191
20
429
19
15
122
206
430
48
431
212
60
213
214
25
2
21
62
3
27
60
39
11
11
4
32
177
31
43
2
147
78
78
4
173
0
0
4
16
44
432
145
28
44
165
49
130
16
2
12
433
15
10
62
62
47
63
89
4
103
78
434
4
215
6
6
0
435
50
100
5
130
436
9
122
4
4
4
4
4
31
216
53
437
22
438
6
6
84
4
7
6
95
439
31
217
90
11
7
119
119
119
119
119
84
0
75
440
23
108
441
108
108
108
442
443
444
0
40
2
16
104
31
4
445
166
6
0
446
0
206
18
9
218
16
219
9
10
447
86
13
153
13
13
13
13
13
143
112
13
48
112
160
150
82
448
14
5
2
4
43
6
58
9
35
19
66
66
7
188
25
5
163
161
82
30
82
121
449
4
4
18
19
155
28
155
32
4
9
220
220
220
21
221
110
10
110
112
110
222
10
110
9
101
7
450
44
45
7
7
11
4
66
114
223
7
77
224
48
225
451
14
226
226
181
185
452
453
5
56
4
454
104
455
71
21
112
140
160
13
112
85
201
456
28
457
20
20
213
227
121
6
16
213
17
21
50
458
6
78
459
228
16
460
193
461
28
74
14
36
462
463
145
464
465
14
14
30
144
466
144
48
58
58
185
467
468
131
2
1
469
108
182
470
145
229
216
7
15
51
471
93
184
472
473
474
475
0
104
51
476
112
230
216
216
477
231
231
4
86
19
86
478
36
479
480
154
112
203
153
153
46
232
232
148
160
481
59
42
10
1
482
91
91
91
87
7
1
1
483
484
485
7
7
486
86
487
103
488
3
489
26
14
65
490
14
491
22
90
169
2
106
147
7
492
2
6
493
6
22
2
16
10
150
58
58
225
14
54
141
494
495
78
496
158
94
122
189
121
186
106
106
497
233
233
498
499
500
32
2
501
2
502
32
228
95
22
14
93
83
82
503
88
104
0
71
1
0
143
1
131
75
504
505
506
168
97
234
507
77
234
221
4
6
6
78
218
7
508
509
28
4
510
0
58
13
511
54
68
73
54
68
512
513
14
13
108
112
133
133
514
7
226
229
515
235
235
181
516
236
236
19
131
28
517
518
4
204
176
237
519
48
520
82
177
66
161
521
19
49
522
191
523
524
156
525
6
161
51
238
238
200
58
79
526
53
170
23
527
145
528
529
31
530
22
531
532
239
6
240
533
534
145
12
77
535
7
536
192
49
66
66
211
241
109
114
242
228
156
537
538
204
539
540
175
6
3
541
6
39
27
2
223
4
542
7
243
243
243
45
244
11
543
6
51
544
171
171
545
75
59
546
1
73
23
2
18
547
548
549
18
550
2
90
60
19
14
10
44
551
245
23
28
9
7
3
552
4
246
246
246
4
553
16
231
101
130
130
138
54
554
161
161
161
176
150
247
555
556
2
6
104
104
104
104
116
16
123
76
56
9
557
558
75
559
62
560
27
166
161
27
196
561
562
23
563
564
5
565
566
4
567
27
568
83
174
569
570
571
248
16
0
217
2
82
52
101
4
121
121
41
41
572
573
574
575
0
576
249
577
14
32
66
7
15
11
18
31
6
6
46
74
18
48
6
13
578
4
3
28
52
6
177
579
4
6
6
7
101
4
14
101
83
22
16
7
214
46
247
10
112
112
580
112
112
76
59
51
7
6
158
54
66
66
66
211
7
63
60
60
55
581
1
582
583
584
585
152
4
19
97
88
247
150
90
90
210
82
0
195
28
228
227
586
19
587
91
190
190
190
190
190
190
77
28
190
190
104
148
2
117
588
171
63
16
589
32
590
169
591
15
188
83
28
22
592
32
593
594
81
81
595
105
14
194
130
205
9
596
250
251
251
597
6
6
598
113
18
60
59
21
21
189
15
24
599
600
601
252
252
602
33
195
603
604
253
253
122
605
606
36
607
81
110
4
228
32
32
28
62
62
608
14
32
9
609
254
116
53
30
610
32
611
122
206
255
255
612
66
36
121
121
121
121
152
114
65
256
256
2
257
133
613
82
122
614
615
202
67
616
617
137
618
30
16
2
151
110
66
66
12
32
136
136
136
24
66
619
186
258
16
115
31
2
141
208
205
133
2
620
4
218
621
622
78
56
623
624
21
22
6
2
66
4
12
31
4
45
107
625
626
627
118
228
198
32
48
628
86
93
46
111
629
46
40
74
259
259
66
0
28
16
28
244
630
631
632
6
633
260
260
197
634
83
28
92
15
81
15
31
635
141
28
636
120
15
81
637
638
639
640
181
31
86
14
95
87
641
104
84
642
228
261
49
48
116
262
262
82
178
217
28
28
3
7
6
100
643
4
101
644
101
4
51
645
48
257
40
646
31
647
648
244
244
19
649
9
650
9
67
651
652
240
240
263
653
654
28
655
201
128
239
656
657
84
658
184
184
659
660
14
104
9
661
56
206
82
40
4
4
147
264
81
58
662
663
664
7
30
17
171
58
38
1
14
75
161
2
145
62
2
104
665
28
33
6
666
6
667
23
6
668
60
4
79
251
669
6
72
140
670
179
671
0
672
16
159
673
14
222
123
58
674
31
6
251
251
251
675
676
677
25
9
9
17
261
116
18
678
109
162
6
679
118
154
213
680
6
681
682
104
169
683
265
684
87
685
686
104
30
213
6
165
6
17
17
17
17
152
687
104
245
51
28
28
153
15
688
16
16
689
690
691
66
251
263
62
71
248
692
693
19
15
40
50
266
251
694
220
18
40
40
40
88
53
695
87
134
190
234
234
234
14
696
697
698
180
59
699
700
139
701
702
703
58
704
705
706
161
707
708
709
121
121
121
267
267
12
223
223
710
711
712
198
713
714
13
114
114
114
715
716
86
226
248
267
113
264
16
717
22
30
190
718
242
52
132
28
719
720
249
721
722
723
724
222
18
0
725
233
726
727
255
30
728
205
16
130
729
250
220
6
220
114
203
203
203
730
731
732
733
734
735
58
736
737
113
6
738
268
75
228
48
48
48
48
237
269
269
739
740
260
741
742
270
270
270
2
12
177
175
51
112
743
744
745
16
115
121
121
132
14
31
147
147
25
16
130
32
32
746
212
747
122
748
254
254
254
16
749
750
751
752
2
87
271
271
271
46
186
249
753
258
754
151
755
4
161
756
202
171
272
757
41
88
38
268
268
758
6
133
60
759
217
6
6
241
0
2
760
28
761
157
157
4
36
762
763
200
159
108
4
4
273
764
8
4
765
766
81
767
768
81
30
6
114
769
770
208
51
51
771
274
772
274
773
90
6
774
775
25
776
41
6
56
256
126
19
88
106
777
778
8
60
779
780
781
782
9
783
196
113
228
60
60
28
28
28
122
105
50
50
784
1
38
785
238
60
786
787
51
19
788
10
19
789
44
265
35
109
58
790
249
12
791
792
150
58
213
213
28
67
65
275
18
65
274
242
793
794
265
795
796
274
274
797
0
0
14
14
228
228
130
0
68
54
273
247
14
798
10
14
799
800
801
802
803
97
804
805
0
806
214
54
214
83
34
194
35
205
205
205
72
70
807
808
16
16
16
230
230
265
265
265
265
16
152
809
28
810
171
16
811
186
812
6
206
19
23
813
4
814
231
15
16
815
82
76
816
817
250
9
215
76
818
819
90
68
820
22
0
821
822
823
824
59
825
276
276
172
826
827
828
829
830
55
21
227
98
170
831
832
118
227
227
227
261
0
195
833
834
175
835
836
837
176
16
63
174
36
838
4
18
839
82
43
840
841
3
842
90
90
53
109
843
844
845
96
0
23
846
847
6
848
259
849
850
90
851
265
852
58
853
854
179
272
855
856
78
19
857
858
859
860
861
862
863
7
253
174
207
164
7
62
190
190
60
864
58
58
865
21
161
58
166
866
73
90
867
90
143
868
0
0
869
123
870
871
218
872
195
245
122
220
873
874
90
19
19
19
4
128
50
875
876
235
877
106
106
878
111
879
880
28
881
882
211
6
883
884
109
885
7
142
28
138
277
277
277
886
7
156
239
887
888
32
889
269
890
891
98
892
225
60
60
893
894
114
128
895
128
4
128
896
897
13
898
28
899
149
19
19
900
19
90
901
902
903
24
904
242
242
905
121
121
906
907
263
908
183
106
909
78
910
212
911
104
161
66
66
237
21
39
4
912
252
252
913
914
172
227
915
916
917
918
67
919
192
920
921
7
119
922
923
924
925
144
114
16
926
927
928
162
185
929
53
930
4
258
931
33
127
932
127
933
232
139
9
934
238
935
264
145
133
936
937
938
939
86
940
102
941
225
133
10
197
132
28
942
268
943
944
945
946
947
278
278
278
279
279
279
279
279
279
279
279
279
279
279
279
279
279
279
279
279
264
74
74
74
74
948
224
224
949
950
951
952
65
953
954
81
18
18
274
80
955
956
266
957
958
959
960
961
962
963
964
965
966
967
968
114
969
241
204
970
280
41
10
971
268
972
973
58
974
975
976
977
978
979
980
981
982
983
984
985
986
987
6
6
6
6
6
6
6
219
988
31
221
266
989
990
991
992
993
994
21
21
21
130
241
6
16
995
996
997
130
130
257
233
24
71
998
139
999
1000
1001
1002
58
1003
229
234
161
1004
1005
1006
1007
1008
1009
241
246
7
178
130
132
132
18
275
1010
272
12
1011
1012
7
1013
164
10
1014
7
1015
1016
1017
227
1018
251
1019
81
1020
1021
1022
2
1023
1024
254
1025
1026
51
1027
281
281
281
3
51
157
1028
1029
1030
1031
1032
1033
71
1034
1035
58
265
265
265
46
1036
1037
1038
90
66
165
0
23
23
1039
1040
1041
1042
111
30
90
18
1043
236
1044
53
275
282
282
282
125
215
215
215
1045
1046
76
273
280
280
60
7
7
262
276
1047
1048
153
228
1049
209
196
1050
239
182
182
283
23
283
1051
283
81
219
1052
1053
18
23
18
1054
18
23
1055
174
174
190
1056
1057
114
116
90
1058
