0
1
2
3
3
3
4
4
4
4
4
198
199
5
6
6
7
8
8
9
10
200
9
11
11
12
13
13
13
13
201
202
203
14
15
15
15
15
16
16
16
16
17
204
205
18
18
206
19
207
20
21
20
208
209
210
14
211
22
212
23
23
24
24
25
23
26
27
26
28
28
213
29
30
31
214
30
16
32
215
216
33
217
34
35
36
18
36
37
37
19
38
39
40
218
39
38
37
41
219
42
43
20
30
220
221
222
44
45
45
46
47
223
48
49
50
51
36
52
53
36
54
36
55
7
36
224
225
29
6
56
28
226
57
57
57
227
46
58
228
229
49
0
59
20
230
60
231
232
233
17
54
61
62
1
63
51
61
64
60
234
65
61
51
60
61
7
6
6
6
6
6
6
66
6
50
7
6
6
67
7
7
67
49
235
17
58
58
68
68
68
68
69
4
70
10
49
71
71
8
71
71
72
14
236
237
24
24
71
24
24
71
71
73
73
74
24
55
55
30
4
4
4
4
4
75
75
75
238
239
240
76
35
24
24
241
50
77
50
242
78
60
243
79
80
79
81
78
78
82
69
82
7
244
83
245
84
85
45
10
246
247
248
249
250
251
46
252
53
253
86
37
87
88
254
89
255
81
256
257
258
90
259
50
46
91
92
92
37
81
36
58
58
93
93
260
92
261
94
7
95
262
263
264
49
66
96
265
52
87
97
97
19
88
65
266
86
90
90
267
268
25
98
98
269
14
270
99
100
271
101
94
272
102
38
103
77
94
273
104
105
105
71
274
37
36
30
106
106
106
50
50
50
107
38
95
275
276
12
108
277
278
26
39
77
279
280
281
109
81
110
282
111
111
283
102
89
112
113
114
22
115
284
19
285
286
287
288
20
116
116
116
117
289
20
114
114
290
118
85
291
23
119
80
80
80
292
112
293
294
295
120
120
121
296
49
57
297
122
123
124
50
125
126
66
66
66
92
66
127
66
298
37
66
66
66
29
299
49
300
17
128
103
129
130
50
30
130
130
301
302
303
304
20
305
131
131
131
306
307
36
36
92
132
308
309
133
50
50
134
310
22
135
55
55
55
55
55
7
50
27
134
311
131
312
313
314
109
123
315
136
136
136
316
62
317
318
78
137
78
123
138
138
65
65
139
140
141
142
142
142
143
143
32
32
144
145
141
141
146
101
319
320
147
321
148
103
322
34
149
149
323
150
127
127
151
138
324
49
152
134
107
40
49
103
325
153
326
104
55
327
100
328
329
154
41
330
331
332
46
333
100
55
125
105
92
92
141
334
335
336
90
143
104
153
153
131
72
135
110
10
337
338
22
7
79
155
339
340
156
139
128
139
341
342
65
19
19
343
138
128
7
63
344
345
20
346
23
347
140
138
348
101
39
39
50
98
157
66
151
349
350
158
14
351
48
73
138
352
353
159
78
73
24
15
6
160
17
119
49
151
151
61
354
54
64
51
64
355
64
161
159
161
128
356
49
162
357
162
25
25
358
138
359
78
17
17
360
2
7
361
7
163
163
133
164
119
164
362
363
165
364
365
366
40
122
85
367
17
368
156
20
156
165
165
165
165
165
165
369
370
53
17
166
166
19
111
158
109
151
371
372
96
373
34
374
23
22
25
164
164
10
375
376
96
96
377
42
17
50
50
378
54
379
17
380
49
381
382
383
167
167
23
87
87
95
39
27
26
9
384
49
35
168
168
49
385
386
166
88
88
387
388
162
24
153
153
17
161
62
103
163
18
389
390
391
86
169
93
93
93
392
10
393
394
395
102
396
70
60
36
23
23
397
170
49
398
35
399
16
400
401
167
59
402
403
118
118
404
118
118
154
123
36
405
406
407
19
19
19
19
35
124
144
124
144
144
408
46
409
410
171
138
411
412
172
413
414
76
63
25
13
70
415
2
416
70
109
109
60
173
173
173
174
417
175
107
418
419
176
176
174
174
420
421
422
423
158
424
15
96
177
425
426
427
50
85
428
429
430
431
36
432
91
433
36
434
435
436
437
117
55
15
43
178
438
439
440
151
168
64
113
7
78
138
78
85
441
442
17
179
443
117
169
89
444
23
445
175
137
180
128
121
30
65
65
60
37
103
123
92
55
123
56
446
447
123
448
145
449
181
121
80
450
181
76
451
80
181
80
21
46
30
452
182
453
154
55
454
67
455
66
456
66
457
66
458
459
460
461
462
463
464
465
126
137
69
466
155
5
141
171
134
2
467
53
53
72
160
468
145
183
469
470
28
28
113
98
471
28
113
97
30
28
72
162
472
473
28
28
1
17
83
83
474
475
476
83
83
477
109
478
184
479
480
481
482
483
185
10
178
484
485
68
169
486
135
17
487
488
48
150
489
46
154
490
89
82
103
491
138
50
492
186
493
157
56
494
78
495
183
496
187
187
2
497
55
10
498
26
1
48
103
103
187
110
187
499
187
500
501
502
503
154
504
123
505
76
506
170
507
508
174
509
510
511
67
512
114
76
188
148
124
513
154
103
514
515
156
516
517
35
20
142
189
49
518
519
60
520
10
132
521
522
523
524
190
525
526
150
527
56
187
528
2
529
187
187
530
531
532
49
150
133
533
179
103
67
534
104
104
171
79
79
535
536
103
108
537
103
19
21
11
103
538
539
30
143
160
53
184
540
541
542
179
103
179
543
544
172
545
125
136
546
109
1
180
103
72
105
20
31
39
547
142
85
53
1
548
5
549
191
12
141
550
176
108
150
98
66
66
129
551
552
172
103
553
145
554
119
128
99
555
145
79
105
56
556
557
103
108
10
65
558
559
159
560
176
82
561
177
15
184
84
562
563
181
564
112
565
566
567
123
568
103
2
569
570
17
571
572
573
574
56
48
84
146
10
139
95
123
20
575
576
123
577
578
33
579
60
105
580
581
582
583
66
584
585
189
65
123
11
43
136
10
586
587
588
589
159
123
590
55
591
20
170
178
192
115
592
88
593
75
17
36
33
2
123
193
594
128
66
36
41
595
56
596
34
59
48
104
123
95
7
39
103
180
42
88
36
597
55
598
599
40
72
154
91
48
168
600
56
20
154
31
102
88
49
149
601
602
170
11
39
46
30
603
104
604
194
123
605
2
606
190
607
146
157
193
154
49
103
608
609
148
170
33
47
195
46
101
1
103
47
137
103
610
188
611
33
33
195
14
612
613
46
614
615
101
616
617
29
0
618
14
6
619
92
196
194
20
47
136
159
19
23
152
25
620
621
622
147
155
623
49
115
13
624
44
175
625
109
626
39
39
627
75
157
157
67
140
11
11
20
628
629
630
20
50
162
162
631
122
632
633
180
180
634
635
61
74
636
182
66
5
60
104
99
2
2
31
21
147
146
146
145
85
637
638
48
176
40
21
48
56
150
639
640
160
160
91
91
192
107
641
50
49
642
108
643
40
108
644
645
128
20
646
647
104
21
21
648
56
649
650
31
41
76
651
17
11
652
139
126
136
136
653
654
67
655
120
145
656
121
74
15
105
44
44
189
35
58
95
657
658
659
107
108
72
177
72
660
156
661
662
120
21
663
664
665
666
91
667
668
45
21
669
670
102
30
44
152
671
672
673
674
675
132
179
195
104
105
84
107
676
677
14
24
678
56
679
680
183
40
152
681
55
19
130
128
39
39
105
153
17
191
196
192
682
160
19
40
683
101
96
44
684
104
193
30
48
48
48
48
186
33
33
33
33
33
186
186
102
97
19
1
11
19
44
71
71
685
66
101
123
30
35
686
160
687
141
19
53
139
194
185
185
194
688
103
182
17
97
103
162
144
144
10
689
123
103
129
690
103
190
129
123
154
691
196
103
103
692
103
123
123
154
103
123
189
123
103
191
123
693
170
694
123
695
190
123
123
188
696
697
698
123
699
700
170
701
197
197
197
702
160
703
704
52
2
1
705
46
80
193
193
