1069 
1 12694 14044 
1071 2442 12695 
3 
3 
3 
4 
4 
4 
4 
4 


6 
533 12704 14054 
533 12704 14054 
8 
9 535 
9 535 
10 
537 2451 4093 7539 12708 

10 
13 
13 
14 2454 
15 12712 14062 
15 12712 14062 
15 14062 
15 
12715 
12715 

18 1662 14066 
19 1663 14067 
19 1663 14067 
19 
19 
20 2463 5175 12721 
20 2463 5175 12721 
20 
20 7554 12721 
21 3261 6299 12723 


24 12726 
24 12726 
12727 
26 
2472 
28 6306 10108 12730 
29 
28 6306 10108 12730 
556 
556 

18 1662 14066 
12734 
559 11418 
12734 
34 1681 5191 12734 
34 1681 5191 11420 12734 
35 2480 11421 
35 2480 11421 
1683 4122 5193 6314 
34 1683 4122 5191 6314 
37 1106 
38 
37 1106 11420 
39 11425 
39 11425 
12727 
11426 
41 11427 
42 5200 

41 11427 
20 
44 570 


3289 11434 
2494 
49 11436 
50 5209 11437 
51 1699 12755 
24 5211 
51 1699 12755 

1701 14109 
26 
53 
54 11443 
55 11444 

54 11443 
53 

11447 12764 
2506 
59 3303 
60 
28 
41 
2506 
2506 
2506 
62 3307 11455 
63 5225 
63 5225 
64 1715 11457 12774 
11458 
592 
67 11460 
68 1719 3313 7609 10155 18261 
69 10156 11462 
70 11463 
51 
71 2519 
72 5235 
51 
73 11468 
51 
74 1728 12726 
8 
51 1699 3324 
12789 


533 11476 
77 1733 12764 19674 
39 12793 

78 5247 
78 5247 
78 
5247 
64 1715 11457 12774 
80 2533 
11483 
11483 
68 1719 3313 14066 
1069 
82 2535 
28 6306 10108 12730 

84 609 



21 3261 6299 12723 
73 11468 
87 1156 
613 3261 6299 
1 12694 14044 
89 
70 11463 
87 1156 11468 
90 2544 11463 
84 11457 

92 11493 
87 1156 
70 
84 609 
87 619 18298 
8 1164 11498 
533 3348 14054 
533 
3348 
533 14054 
533 
533 
93 2556 11503 
3348 
69 10156 11462 
8 
533 
533 
11476 
8 
8 
11476 
68 1719 3313 7609 

21 3261 6404 12723 
80 2533 
80 
96 
96 
96 
96 
1170 12836 
4 
98 1662 
537 2451 4093 7539 12708 
68 1719 3313 7609 
99 
99 
9 
99 
99 
2451 
18 
11527 
11527 
35 
35 
99 
35 
35 
99 
99 
2480 
2480 
103 
35 
74 1728 11539 
74 1728 
41 11427 
4 
4 
4 
4 
4 
104 5308 
104 5308 
104 



106 
50 5209 11437 
35 
35 

69 
108 
69 
3381 
11557 12875 
84 3383 
3381 

112 2586 11560 
1792 3381 
2588 4238 7609 
11557 12875 
11557 12875 
114 
1170 12836 
114 
8 11498 12704 

116 2591 

647 11568 
119 11569 
63 
4247 
2596 

12891 
12891 
653 
653 
64 
5235 
72 5235 

2533 
14109 
127 
128 11582 

2472 

18390 


556 
134 
664 
69 
64 1715 12774 
1211 14044 
137 11593 
137 11593 
12755 14109 
18390 
51 
80 
80 
667 5350 11598 
667 5350 11598 
668 
137 11593 

140 
8 
141 3303 



68 
93 2556 11503 
144 
1701 
71 2519 
127 
146 2463 5175 
146 2463 
26 
128 11582 
92 11493 
2472 
2533 
134 
134 
3426 

5193 6314 
149 
149 

18 

151 
152 

154 5368 
140 
685 
156 11455 
53 
2638 10319 11624 14293 
108 
140 
12789 
158 11626 
159 11627 
159 11627 
99 


51 
41 
161 
161 
161 
69 10156 
69 10156 11462 
69 
162 3444 
53 
141 3303 

3383 
14 2454 
165 5387 11642 

2649 
37 11420 
54 11443 
108 1170 



169 11646 
18390 
609 11648 

11649 
11649 

156 
2472 
173 2657 
12976 14326 
175 11655 
559 11418 
11656 

26 
11659 

709 
710 
28 
182 
182 
182 
183 
11659 
28 
175 11655 
175 

185 5410 
119 11569 

34 1681 
1263 11673 
112 2586 11560 
112 718 7814 
112 11560 
592 
173 2657 



190 
190 
2556 11503 
2596 
68 
78 

193 15714 
194 4346 11682 13005 
195 13006 
69 
196 
197 729 1892 2682 10108 
93 
93 
93 
137 12976 
93 
198 2687 
93 
2689 
14109 
93 
93 
93 
11426 

68 1170 2588 4238 10155 

21 3261 6589 
202 11701 
2638 10319 11624 14293 
1281 3496 11702 
11703 
69 
41 
11703 
11703 


5211 
5211 
28 

739 5446 11711 
739 5446 11711 
739 11711 
739 5446 
13038 
51 
51 
137 
211 


214 744 
69 
69 
215 5456 
746 
559 
217 
74 11539 
74 11539 
74 
74 11539 
74 1728 
8 
69 
38 
215 5456 
7872 
739 



169 11646 
194 4346 11682 13005 
3426 
221 
221 
221 

613 3261 6299 

7881 
4397 12875 19954 
224 2544 
11557 12875 19954 
194 
225 5475 
225 5475 
92 11493 
92 
226 
227 11747 
228 
229 
229 
229 
230 
230 
44 570 
44 
1308 13006 
11462 
228 
228 
233 
154 5368 

762 
235 763 
744 
3537 
2638 7899 10319 11624 

49 11436 
239 
239 

1950 14067 15802 
198 2687 
198 
242 
225 

68 
244 
215 
162 729 1322 1892 2682 6306 10108 
55 7911 
68 1170 2588 4238 10155 
2638 11624 14293 

246 
685 
158 11626 
74 11774 
774 
152 
762 
762 
775 4346 
11447 12764 
710 
2596 

64 1715 3554 
710 
152 
74 11539 
196 
159 11627 
137 
137 
228 
7911 
779 12695 
11498 
134 
230 
158 7929 
246 
246 
739 
2451 
217 
11648 
4247 


559 11418 
8 1164 
1792 
257 

609 
784 11800 
226 
202 11701 
226 

12712 
92 
26 
26 
7814 
225 
202 11701 
8 
89 

1341 
28 729 1322 6306 
739 
34 1681 

227 11747 
225 

154 
54 
54 
69 
149 
268 
93 
242 


270 793 
18 1662 
774 11655 
67 11460 
2480 11421 
225 


273 2783 
4397 12875 19954 
2480 
35 
19 1663 5558 
3348 
13167 
21 6404 
1263 11673 
68 1719 
242 
242 
87 619 
18298 
73 
90 
70 
90 

90 
20069 
273 2783 
20069 
202 
535 
68 1719 
279 1715 

279 800 1715 
5193 
1683 
5475 
225 


21 
21 3261 12723 

1071 2442 12695 
8 1164 

8 
283 
283 
214 744 
284 
11673 
284 11483 

779 
286 5589 

12715 

55 11444 
193 
119 
809 
21 6404 
809 
784 11800 
28 
784 
286 5589 
286 
286 
286 
286 
286 
1371 
667 
72 
21 
293 
293 
26 
11649 
270 793 
169 
242 
2494 

144 

49 
664 
34 
559 
5193 
284 
284 
537 


144 
144 

59 3303 
21 
69 
69 

73 

21 
668 
68 1170 2588 
818 
818 

302 
302 
34 
127 
127 
141 
54 
38 
37 1106 
10 
11919 
68 1170 4238 10155 11919 18261 
50 
304 11437 
304 
68 1719 
2833 
827 
293 
128 11582 
128 

664 
279 800 1715 
35 
246 
246 
21 
20069 
613 3261 6299 
2638 7872 11624 
283 
24 



2533 
833 
667 11598 
667 
667 
667 5350 
537 2451 4247 12708 


2689 
156 11455 

98 
84 
51 
34 4122 
34 1681 

317 5662 
68 1170 4238 7609 12836 18261 

50 
1400 
20 1400 7554 
1400 7554 

302 
82 2535 
5589 
5410 
185 5410 
185 

185 
185 
775 2058 4346 11682 
194 
51 1699 



26 
26 
26 
26 
50 5209 
195 13006 
1308 3676 
195 
3676 
3676 

64 
2596 

2783 
225 
2649 
1341 
2649 


106 
89 
5193 
15 
98 
12727 
1071 2442 
1371 
98 
169 
169 
84 
334 
334 
334 
335 
858 
21640 
162 1322 2682 10108 

858 
339 
339 
335 
335 



793 
270 
613 
19 5558 
144 
2454 

1701 

69 
119 11569 13360 

15714 


51 

4634 

51 



18298 
183 
74 
19 5558 
60 
357 
774 


242 
304 
90 2544 11463 
14326 
8 1164 
4397 
225 
4397 
119 
2833 
2494 
21 3261 12723 
361 11642 

183 
833 11436 
2472 
11747 
34 1106 

21640 
224 
890 12052 
202 
2556 
41 
92 
92 11493 
84 
14109 
2638 
194 6937 13005 
137 
74 11539 
194 
77 1733 


194 
1371 
11462 16128 

2586 
2556 
112 718 
570 
2586 
106 
7814 
112 718 
2586 
112 
29 
64 
41 11427 

371 
809 
775 4346 
74 11539 

11476 

93 
647 13436 
93 

93 






613 

197 
224 
1170 12836 

257 
6 
228 
2783 
215 
1071 

72 
72 
2451 
13167 

16128 
382 

2942 
39 11425 12793 
39 12793 
14326 
149 

39 12793 
12976 14326 
146 2463 
41 
39 
2451 
279 800 1715 

668 
39 
39 
1 
21 
116 2591 
116 

2591 
2591 
116 
116 

169 

387 
12129 




391 
537 7539 
357 


96 
833 

217 
21 6404 
1281 10833 

67 
2174 15802 

64 
775 4346 

2472 
114 
2638 11624 
779 
225 
69 

401 
2657 
268 
77 
11774 
4397 12875 19954 

382 

1488 
1488 
1071 

74 
537 

37 1106 
1 7041 
67 
2638 
2638 
1488 
11648 
1488 

1488 

2174 
746 

775 2058 4346 
6589 
194 

106 

317 5662 


335 


12129 
11476 
5456 
175 
106 
417 
3537 
195 

775 4346 
2638 11624 

784 
784 11800 

2833 
50 
28 
229 
421 
68 1170 2588 
2687 
2687 
84 

4247 
211 
12789 

1341 
890 
7899 
953 

1950 15802 

77 1515 19674 
1488 12891 

1071 
2657 
1488 
1488 



68 1719 
1950 
214 
2942 
361 16295 
2638 11624 
11476 

158 7929 
158 11626 
2783 
1792 
1792 


2638 
165 5387 11642 

2638 
26 
29 
13 
2638 


41 
230 
13167 
72 
387 



361 
2638 
361 


2649 

196 
221 

169 11646 
1 7041 12694 
890 12052 
2638 
2451 
159 
28 
42 5200 
54 
14957 
229 
119 13360 
72 
1 7041 14957 

6 

442 6937 13615 
14 
228 

339 
165 
1950 15802 
149 
93 
93 
1281 3496 11702 


2649 
2638 
1263 
16128 

1263 
202 
151 
13038 
16128 
1792 
159 
77 1515 19674 


2638 
165 
537 
92 7881 


273 
1281 3496 
339 
114 

2454 
19 5558 
387 
647 11568 


2586 

173 
779 


194 

2638 
1071 2442 


21 6404 

774 
1281 10833 

77 
67 
647 11568 13436 
233 
537 
226 
141 
194 
28 
16295 

194 


3289 11434 

84 
159 




93 
953 

421 
92 7881 
194 
13 
60 
221 3426 
537 


818 
12129 
273 
194 
3324 
74 1728 

28 
317 
357 
2519 
11656 

128 
5368 
104 
21 6404 
51 
3289 11434 
1071 2442 
194 
471 

202 
93 
51 
11447 
559 
77 1733 

49 
82 
67 11460 
158 
194 
141 
8 
54 
2638 
890 
59 
128 
51 

74 11539 
800 
1515 
55 11444 
2451 
775 
1211 
67 
304 
7872 
77 
28 
775 
42 
156 
128 
68 1170 2588 
239 


317 
13 
54 
64 
41 
827 
158 

2535 
194 
709 
1071 
1008 
7899 
2494 
233 
268 
471 
775 2058 3537 4346 
68 
2638 


3537 
317 
3289 
11458 
484 
64 
154 
1 
2638 
11458 
224 
2638 

417 

3289 
3289 
484 
18 


64 


154 
592 

11426 
1069 

18 
533 
5308 
137 
1021 
2535 
28 

221 
273 
26 
34 1106 
244 
1683 
1008 
1008 

235 763 
257 
16295 
68 1719 
11656 
15 11656 

62 
21640 

169 

54 11443 
54 

104 
268 
268 
11476 
227 
13 
13 
28 


653 
28 
69 
279 800 1715 
279 
11659 
193 15714 

6589 
890 12052 
890 

2833 
87 619 
103 11527 

371 
93 
6 
84 
158 
151 
1071 
1071 2442 
42 
29 
235 
233 13038 
233 
16128 
119 13360 
2942 

67 11460 
339 
55 
29 
67 
77 


746 
13167 
13167 
1211 4634 
4634 
2519 
162 729 1892 2682 10108 

69 
68 
953 
165 5387 
2174 
55 7911 
165 

779 
202 
28 
827 
5225 
158 7929 
29 
29 
5200 
77 

14957 
42 

106 

21 6404 
13 

226 
197 
221 
221 

11919 
11476 

190 
16128 

2556 
103 
19 
159 
62 3307 11455 
62 
421 
50 
80 
141 



162 1322 1892 3444 6306 
165 
2451 4093 
2454 
2451 
3554 
784 

2689 
190 
29 


2689 
858 
4634 
3383 
763 
63 
29 


156 
41 
62 
244 

647 13436 



211 
361 
484 
158 
159 
647 
162 3444 
3554 

18 
35 

77 


382 
55 
244 
11774 
74 11539 
26 

202 
54 
54 
159 
246 
21 
442 6937 
1021 
2519 
3324 
13167 
26 
55 
685 
154 
144 
62 

158 7929 
471 
41 
67 
67 
67 
67 
401 
3289 
3289 
3289 
3289 
3289 
401 
401 
156 
146 2463 
26 
1 
13 
26 
62 3307 
99 
99 

93 
154 
194 
41 
50 

13167 
709 
228 
26 
72 
226 
2535 
391 
391 
2535 
2942 
2638 
371 
21 
146 
2638 
279 800 1715 
1308 
3676 
537 
13615 
194 
2638 
1281 10833 11702 

2638 
7899 
1281 
194 
775 

1021 
2638 
2638 
5662 
2638 
194 
194 
775 
2638 
194 
421 
194 
2638 
442 
194 

317 

194 

7899 
194 
194 
417 



194 

13615 
317 

522 
522 
522 




71 
1071 
1 

64 
112 
471 
471 
