0 6787 24333 
1 3263 31376 
693 5450 
3 3265 
3 3265 
4 695 4314 
1 3263 31376 
1 
3 
0 6787 24333 
0 
0 
0 
1 
1 
5460 15944 
5460 15944 

4 695 1420 4314 8178 
698 1420 
4 
1 
0 
0 
2214 4328 33174 
9 4328 11225 
4 695 
4 695 

11 
12 5471 
13 15957 
13 15957 
2214 4328 33174 
1427 3286 4334 
5474 
1427 3286 4334 
16 17584 
709 
18 3290 
18 3290 
5474 
1432 3291 4339 11236 
1432 3291 4339 11236 
1432 
1432 3291 4339 11238 
9 11225 
2214 4328 33174 
709 
5481 
1427 
1427 3286 
21 713 
714 8201 
11238 
23 
24 
25 3291 11236 
2214 4328 33174 
26 11245 
27 2236 29635 
3303 8207 11247 
1427 
4355 5493 11249 
30 
4355 5493 11249 
31 8211 17605 
31 8211 17605 
31 
4359 6838 
3309 
34 
35 727 
35 727 
36 


3303 8207 11247 
39 6845 
40 3316 4367 
733 3317 6847 29635 
42 
43 

45 6851 
46 
12 5471 
739 
48 1462 15999 
49 2258 22654 
50 8231 
4355 5515 
51 4377 
2214 
52 6859 
49 2258 22654 
745 
54 4381 
3309 
55 2264 3331 5521 
1432 
49 2258 5523 
11 
56 1470 2266 8240 14426 33235 

58 

60 752 

58 
60 752 
58 

60 
727 
3341 4391 
3303 8207 11247 

3343 5536 
758 5537 6876 
5538 6877 8207 11295 
4394 5539 
3347 5540 
3347 5540 


3350 

16 17584 
58 
5546 
5546 
75 
76 6887 


79 5551 
79 5551 
693 5450 
1 
11 
3 
1 
0 
770 6787 
770 6787 8272 16042 24333 
56 1470 2266 8240 14426 33235 
4 695 
81 
82 11316 12878 21000 
81 773 3367 6899 

26 11245 
26 
26 
26 
774 14466 
774 14466 
1499 5564 9803 
1499 5564 9803 
1499 5564 9803 
1499 5564 
1499 9805 
5564 9805 

26 11245 
26 
26 
26 
26 
26 
26 
26 
86 3371 6905 8293 19328 
86 3371 6905 8293 19328 
4420 
88 
89 5570 
90 8297 26205 
90 8297 26205 
90 
90 
90 26205 


90 
92 6915 
784 5576 
4394 5539 
774 14490 
774 
14490 
14490 
774 14466 27979 
774 
774 
4 1511 5579 
787 5580 
788 8312 9831 27984 
788 8312 9831 27984 
788 5582 
788 
788 
788 
788 
788 27984 
1432 
1432 3291 
97 
97 
97 
98 
698 1420 8178 14504 
698 14504 
792 


3394 
3394 
3394 
5595 
797 

106 2331 5598 
56 1470 2266 8332 33235 
5599 
5599 
5600 6940 
9854 11370 
54 4381 
21 713 
54 
54 
54 
3405 
4 4458 
3407 5607 
112 6948 

86 3371 
112 6948 
784 5576 
2340 6905 8293 
2340 
86 
86 
2340 5614 6905 
86 3371 6954 19328 
2340 
809 
86 
5595 
115 3415 12953 


86 3371 6905 
112 6948 14537 


693 
115 3415 12953 
1 3263 

770 6787 8272 
4 4458 
3265 
787 5580 
1 


4 695 4458 
123 
112 
4 695 4314 5579 31376 
112 14537 
112 14537 
1511 
112 14537 
123 
4 1511 5579 
4 695 
784 5576 
1544 3427 11408 12974 
126 3428 
3428 
1544 3427 11408 12974 
126 3428 
128 3429 
128 3429 
128 
128 
128 
128 
128 
128 
52 6859 

6986 
131 
11 
5460 
132 
43 15944 
698 1420 
43 
43 
132 

698 1420 
4497 
792 
4497 
3445 5653 
3445 5653 
82 11316 12878 21000 
13 
82 11316 12878 
3347 

137 
82 11316 
82 
82 
82 
137 
832 1558 5658 

82 11316 13006 21000 
82 
3347 
0 
693 
9854 11370 
4394 
140 
784 
6954 
3428 
142 3427 
832 1558 8412 15957 
836 5670 
86 3371 6905 8414 
86 
8414 
145 3460 
145 3460 

2390 17815 
4513 8419 
4513 8419 
5677 7016 

26 11245 
5677 7016 
150 843 4377 14605 
51 843 4377 
56 1470 2266 4516 
844 8240 

3468 4519 
3468 4519 
3469 8427 

2390 17815 
2390 17815 
156 7024 8429 11469 

2390 11471 
157 8431 
157 8431 
5677 7016 22874 


159 3475 
5690 
5691 8436 11370 
161 
55 2264 3331 5521 
88 

11471 
163 3480 17584 
857 3481 
858 1585 
163 858 1585 
166 
167 7039 9962 
27 2236 29635 
168 733 3317 6847 
169 
170 3486 
170 3486 
714 8201 
8448 



1499 9805 

50 8231 
174 5707 
174 5707 
11238 
1596 
4359 
150 3492 5710 14605 
175 5711 
5691 8436 
81 773 3367 22654 
81 773 3367 7052 
81 773 
81 7054 
176 3495 
176 3495 
177 

86 

2214 
5711 
161 1603 
161 9854 
1603 17865 
181 
181 
181 
27 
140 877 5471 13077 
27 
3347 5540 
13079 

183 2437 4564 8312 
163 3480 17584 
163 3480 
92 6915 
5538 6877 21215 
5538 6877 11295 
6915 
92 
2214 4328 
13084 
5551 13084 
175 5711 



51 2214 3513 4328 8483 
3407 5607 
1614 
1614 
5690 

191 
2445 27979 
26 


193 
12 

27 
169 
1499 9805 

196 3523 
770 6787 8272 16042 17898 
50 
733 3317 5746 10013 
733 5746 10013 
50 8231 
150 843 
891 2455 3525 
891 2455 4583 
198 11543 
199 
894 5751 
201 19560 
50 

5474 
198 11543 
11548 
89 5570 
11548 
204 11548 
115 3415 6986 
31 
115 
115 
115 
26 
204 2466 
204 
899 
201 19560 
81 7054 
784 
115 
81 773 
900 
3316 
40 3316 4367 
16299 
1614 16299 
89 5570 16300 
4359 
30 


714 8201 
199 
209 3445 5653 
175 
210 
210 
209 
211 
211 
166 
52 

31 
159 3475 
2340 
3475 
3475 
3475 
52 6859 


115 
4513 8448 
8448 
214 910 
56 911 10059 
55 2264 
215 7131 
215 7131 
56 911 10059 
3331 5521 
217 914 
217 914 
214 910 
36 
218 
36 
6986 
917 
218 
917 7137 
917 12953 

221 5797 10068 
221 5797 10068 
1499 5564 
1652 
27 

4359 6838 
4359 6838 
5691 8436 11597 
733 3317 
733 3317 4627 
223 
224 16339 


733 5746 
34 

8419 
228 7147 
196 3523 
196 


231 
231 
770 3574 17898 
232 
232 
233 7154 
233 7154 

35 
50 
50 
50 
8211 
10090 
10090 
237 10090 
238 3579 11543 
239 
938 3581 4646 5821 

774 
3460 
81 7054 
140 877 
242 4649 

2522 3584 5826 
2522 3584 5826 

2522 3586 


246 


4657 8587 
145 

161 
17865 
239 

161 
4657 8587 
56 1470 2266 4664 
56 1470 2266 
4664 
228 7147 
27979 
253 
253 
131 
5538 7185 37282 
3602 5845 
3602 5845 
3602 
56 1470 

5707 13215 
156 7024 11469 

115 
6954 
115 
258 7192 
258 7192 
258 
217 
713 
137 
2522 3584 5826 
56 1470 2266 8240 10059 


9 11225 13227 
4627 
262 
3468 
58 
49 5523 
6899 
191 
265 3513 8483 
266 965 
266 965 
238 
938 3581 4646 5821 
3581 
56 1697 
4359 

262 
770 6787 16042 17898 
5870 
5870 
48 1462 15999 

81 773 

50 

4 4458 


272 4693 
140 13077 




275 
733 
275 
276 5881 
276 5881 
276 

163 
163 
86 
115 
278 
157 
157 
157 
157 
157 
157 
809 5614 



2581 16447 
3405 


285 3643 
3643 
128 3429 13276 
128 
128 
733 5746 
733 
27 
287 3648 
40 1720 

48 
698 
115 
115 
242 4649 
55 
27 

900 
27 
215 
218 
27 
733 6847 
733 6847 
292 4420 
4420 
293 5918 
294 3584 
293 5918 
3475 
21 

3303 8207 11295 
994 5922 
82 
5600 6940 



98 
25 3291 11236 
82 11316 13309 
996 
98 

999 
739 
157 
9 
228 
223 
857 3481 
223 
300 858 
16 
13227 
183 8312 
857 3481 
302 
163 3480 
1002 3481 
303 
304 
157 8431 
13227 
302 
223 
183 8312 
174 
303 13330 

13330 
306 
163 
3347 
169 
5949 
45 6851 
1008 5950 
1008 5950 
221 

309 

899 
1603 

1603 
1603 
3407 5607 




145 
5691 
81 773 
3347 
7016 
3469 8427 

3581 5821 10256 
4519 

56 911 
56 911 
836 5670 
7154 
836 5670 
300 858 
1016 2640 
13006 
45 

27 
733 
3405 
1761 8743 
1761 8427 
8743 
8743 

7016 22874 
8743 
1761 

302 1763 
303 


3469 
3469 

7192 

1023 2655 4788 

899 19560 

3523 
168 
844 8240 14426 

797 
300 858 
3309 
163 
163 
163 
163 
163 

332 
332 
332 
292 
292 

292 
1032 6876 21557 
758 5537 6876 
1032 7346 21557 
1032 
1032 21557 
1032 
1032 
1033 7346 
5546 
2665 


30 
1763 
1763 
11471 
5690 

338 
338 
5691 
51 3513 
1036 6012 7359 

1037 

237 1039 
306 
163 
300 858 
342 
342 
266 
733 
733 6847 

965 
9 
3407 
183 
278 
170 
224 16339 
163 
265 

832 5658 
891 3525 

56 1470 
56 1470 
844 8240 
844 
25 3291 
348 
348 4497 
167 7039 9962 
167 
349 3753 6037 
150 
844 
56 1470 
39 6845 
4516 
56 1697 
56 1697 6042 
56 1470 
844 
176 

996 
733 

13 

13309 
82 
13309 
246 

159 
159 
159 
174 
9 
228 7147 
13215 
183 2437 8312 9831 
163 
844 1802 
16299 
357 
262 


8412 
82 
1033 7346 33953 
33953 
338 
228 

3350 
11597 
1016 2640 
11597 
82 

196 
196 
157 
342 

8587 

51 




368 4649 
368 4649 
1596 
81 7052 
30 2728 5493 11249 
193 
369 1039 
174 
2730 5582 
774 
13497 
13497 

199 
9 11225 

210 
1544 3427 6091 
49 5523 
48 1462 15999 



183 2437 7442 8312 9831 
4564 
183 7442 
375 
253 


6899 

30 
30 
218 
2390 
238 3579 7451 
238 



115 
31 


844 
242 

30 1833 5493 

2754 
5949 
5949 
3303 8207 11295 
142 3427 
89 16300 
214 

309 

231 
13330 
388 1833 15120 
174 
56 1697 
13215 
156 7024 8429 11469 
13215 
174 

140 877 
357 
142 3427 




215 
198 
238 

1091 6136 
81 7052 
996 
391 

2730 
393 
393 

999 

375 

397 7442 
369 1039 

11238 
237 
3316 
900 


13006 
368 4649 
368 
368 4649 
262 
209 3445 
4627 
7137 
7137 18385 
733 6847 
1101 

6091 

150 843 3492 14605 
3341 4391 
272 4693 
1856 2788 4693 
2214 

891 3525 
1106 


5538 7185 21215 
4664 

246 
228 7147 
733 
55 

79 

27 
5539 
9 
894 5751 
126 

223 
411 3864 
10256 
714 
161 

199 8297 


1032 
30 
416 
2665 
218 
3495 

81 7052 
3290 
13079 
13079 

3303 
238 

156 7024 8429 12041 

4957 5515 
2214 
6091 

193 
388 1125 16805 
3880 

2214 
2214 

416 
75 
31 17605 



294 3584 
733 5746 

1131 
1131 

4564 
1002 3481 
910 
430 12062 
430 12062 
430 

733 5746 

231 

265 3513 8483 
7451 
434 

714 
999 
2390 

2754 
891 2754 4583 
168 
733 5746 
994 5922 
436 
5918 
293 
4391 
3880 

733 6847 
239 
938 


4359 



368 

2581 16447 

285 3643 
285 
3643 
444 
444 

237 
287 3648 
287 
287 
287 
3648 
3648 
1596 
40 

40 4367 

3316 


48 16867 
156 
48 1462 16867 
40 
3486 
3486 
369 1155 
1106 5881 

832 8412 

733 


3303 
198 


832 5658 
4516 

1462 
201 
894 


1163 
894 5751 
349 3753 6037 
27 2236 
5599 


1544 3427 12128 12974 
2340 
3864 

1036 6012 7359 
1167 
82 


1032 
368 
3495 
434 
2466 
1544 
3940 


733 6847 
306 
3648 
42 



468 
468 
469 

470 1176 
1177 9962 
470 1176 
1177 
1177 
472 1177 
156 
265 
51 3513 
51 3513 
1032 21557 
894 

475 
1008 

199 


3405 
3394 
132 

733 6847 

238 
368 
8414 
150 843 3492 




204 6300 
3523 
5538 7185 21215 



836 5670 
836 
733 5746 10013 
150 843 3492 

55 
115 
1008 
2522 3586 
51 
199 


131 5595 
388 1125 16805 
745 
914 
81 7054 
3460 
5691 
81 7054 


486 
486 
486 
486 
55 
3331 


31 


2754 
3265 
43 
5691 
489 1016 
5691 
489 1016 
489 1016 
1016 2640 
5691 
733 5746 
2214 

891 2455 4583 
10256 


90 
210 
491 
2581 16447 
758 
157 
221 5797 15374 
468 
221 5797 10068 
221 5797 
5797 15374 
5797 15374 
24 
698 1420 8178 
1167 1965 
5797 15374 
1167 16339 
1167 1965 
1167 
7016 
1856 
58 
832 1558 
163 

75 
75 
75 
167 
167 
3290 
142 3427 7704 11408 

142 7704 
142 7704 
1023 2655 4788 
52 
52 
52 
894 
177 
140 13077 
388 1833 5105 15120 17017 


2788 
6012 
1036 



844 
2466 
128 


1208 
1208 
3290 
233 
836 
349 


430 

1106 

24 
504 
504 
504 
1213 
1032 
758 5537 

506 
2970 4788 
11238 


509 
510 1427 
1544 
30 2728 5493 
511 
292 

30 2728 5493 


258 
258 

5710 


3460 
292 

278 
3753 
391 
519 
1856 
17070 


157 
6887 


1233 
1233 
332 



2788 
2788 
2788 
527 
693 5450 
1544 
128 
128 
787 
4 1511 
30 
2970 
76 6887 
1177 
3753 6037 

510 1427 4334 
2214 
709 
714 
475 
304 

3469 

787 

475 






137 
6851 
45 
183 
183 
8743 
430 

770 
1008 5950 
693 
436 
13497 
7131 

5481 





348 
3460 
792 
3394 

123 
544 


258 
258 
13276 
48 16867 
547 
784 
519 
472 


1177 

486 
550 
550 
472 


272 
292 

553 

1036 
491 
836 
470 
1177 

1177 

556 
18 
844 
88 
6468 
6468 
3350 
733 5746 
547 
844 
774 
558 



191 

527 
436 
51 

563 5598 
3316 
544 
304 

3468 
1131 


1652 
27 
2466 
1091 6136 
1091 
733 

23 

787 5580 
7016 
3880 
293 
430 
430 
430 12062 
430 



332 
698 14504 

3394 
13276 
1002 3481 
550 


547 
1176 
17070 

9 

788 
3331 5521 
733 


3343 5536 
510 1427 

89 



511 


56 1697 6042 8332 
56 1290 1697 6042 8332 

3303 
238 
1652 
411 3864 
92 

733 6847 
733 6847 
733 6847 
733 6847 
183 
2581 
128 
224 
3574 

2445 
106 2331 5598 
106 2331 6526 
491 
3331 5521 
55 
7016 

167 7039 

167 

3581 
434 
586 
3407 
238 
2445 
238 3579 
587 3343 5536 
3753 
3753 
1155 
553 
553 
198 

590 4149 
797 
2730 5582 

388 1833 5105 15120 16805 
342 
228 

4149 
6468 

233 
30 2728 5493 
587 3343 
6552 

2085 
6555 


6555 
76 
891 2455 4583 
891 
34 
232 
177 
388 1125 17017 
183 



1290 
76 
3581 
938 4646 
938 
938 
1208 
1213 
1033 


606 7024 


5870 
2581 
309 

590 4149 
590 
368 
587 3343 
994 
994 
198 
587 3343 
1163 


1163 

342 
606 7024 12041 20627 
733 5746 
6555 



3341 
590 
733 

3303 
7451 
4657 
177 
411 
3407 
745 
615 4185 
1544 
388 1833 5105 
3350 

4957 5515 
547 
511 


397 
397 
1037 
391 
237 
544 
89 16300 

5710 
5845 
3331 
196 
994 
231 




3581 
3581 
911 
393 
809 5614 
2085 
733 6847 
733 
55 

624 
624 
994 5922 
615 4185 



558 
558 

758 
1101 
18385 
3331 


752 
391 
20627 

115 
140 877 5471 

258 
6845 

858 1585 

1091 6136 
1008 
634 
1965 
163 
204 6300 

430 
49 
106 

388 1833 
168 
491 
733 6847 
342 
228 
388 1125 17017 
388 1125 17017 
758 
3309 
231 
2522 3586 
1036 7359 
2581 
3753 
2085 
1155 

1349 
1290 
1290 
1233 
1290 
1290 
13084 

527 4381 
4185 
615 
4185 
48 1462 
49 5523 
469 
1023 2655 5359 
1023 
586 
586 
6552 
586 
586 

506 
624 
556 

20627 
89 
6552 


191 


357 

1036 

2970 
2970 
469 

56 1697 


606 7024 12041 

258 




275 
55 

1091 
258 
106 6526 
3880 
3880 
649 
375 

1037 
168 
76 

168 
46 
5481 
739 
39 

1213 
6940 

3331 

563 4254 
368 

294 3584 
211 

1106 
276 
1177 
556 
42 
770 



23 
634 
634 
17865 
0 
787 
2665 
416 
8743 
4254 

2581 17070 


4957 

46 
1091 

2581 
209 3445 
388 1125 16805 
166 



56 911 
509 

506 
506 
506 
37282 

7016 22874 
1032 

3574 


1349 
1349 

1802 
669 
669 



1177 
519 
1177 

430 

1177 

1720 
1720 



4254 

211 
1802 

39 
33953 


106 
106 6526 
18385 

563 

1177 
556 
1023 5359 
1023 5359 
5710 
5600 

2522 3586 
430 12062 


12 
2970 
1802 
1101 



3940 
3940 
3940 
204 6300 

587 

12128 
12128 
12128 
12128 
649 
430 
687 
687 
687 
509 
649 
3864 
37282 
4149 


30 

3602 
89 16300 


3341 


167 7039 

3574 
3574 
687 
209 3445 
1802 
1802 
444 
3574 
3574 
3460 
3574 
3574 
3574 
3574 
3574 
3574 
669 
231 
