1 10 11 14 15 26 28 178 443 3536
2 7 8 16 17 25 173 353 359
3 170 351 444 882 2182 2271
6 7 21 23 296 356 367 371 379 380 881
18 19 404 2061 2517
263 264 412 2523
29 39 54 69 109 475 555 556 585 590 591 1438 1510 1526 1527 1828 1939 2214 3344
30 52 56 1287 2551
34 120 174 401
36 101 605 3904
37 38 426 1198 1978
40 42 57 60 73
41 47 631 1865
43 152 727 990 991 992 994 1006 1210 1453
48 49 50 51 65 118 254 255 535 1403 2079
64 523 529 663 664 1477 1590 2217 2842
70 191 192 193 194 205 206 207 208 209 210 211 212 476 601 643
71 518 568 570 607 717 757 930 945 949 952 962 1060 1462 1714 2484
72 89 139 144 965 1339 1502 1528 1691 2593 2843
74 76 106 1509
660 1123 1277 1307 1308 1331 1488 2099 2107 2200 2727 4216
78 79 80 679 1548
81 536 537 659 720 721 862 984 1656 1940
90 1186 3411 3818
91 655 933 1657 1659 1671
92 617 618 893 928 953 1149 1426 1454 1558 1572 1601 1688 1784 1839 1872 1937 2423 2488 2600 2601 2602 2603 2828 2930 3041
99 1018 1057 2257
103 872 935 1293 1668 1670 2325 3139
104 111 119 848 1291 3019 3143
105 531 616 619 629 754 755 756 878
592 851 1035 1134 1808 1811
110 396 677 685 2003 2004 2005
115 289 291 292 293
117 505 699 944 1456 1616 1907 1908 2649 2933 2934 3429
122 181 283 693 697 802 803 819 836 860 1090 1169 1170 1172 1185 1190 1994 2416 2425 2589 3288
124 132 134 153 847 1976
138 1210 1435 1464 1612 2837 2839 4245
143 1112 1708 1956 2074 2949 3056
145 236 448 1463 2055
146 147 428 572 837 1014 1042 2491
155 156 1119 1120 1121
157 1539 1987 1988 1989
158 2205 2744 2775 3353
744 4284 4285 4337 4339 4348 4349 4350 4351 4352 4353
183 188 545 546 547 549 649 652 773 874 1041 1276 1373 1495 1895 1898
184 425 427 431 432 433 434 438 439 967 1224 1255 1749
195 196 237 238 241 242 243 300 600 771 806 1282 2429
197 198 199 200 201 202 528 609 715
213 214 301 306 307 309 313 345 463 464 554 902
221 658 1341 2576 2907 3213 4219
222 223 224 225 226 232 1949
233 580 584 2598
235 303 381 451 650
245 358 2228 2492 3539
246 247 248 249 250 251 252 253 2553
282 2636 2637 3022 3336 3835 3836
285 286 1318 1715
287 969 970 3879
288 503 544 724 796 1039 1055 1133 1253 1897 1928 1930 1933 1935
297 593 1033 1155 2622 2680 2859
298 302 346 370 371 373 375 376 377
316 352 637 639 640 642 651 689 825 827 903 940 941 1320 1878 2983
382 386 1290 1724 1772 2098 2187 2864 4058 4059 4060 4061
383 385 387 1469
388 389 390 391 392 393 394 395 924 925 926 2032 2188 2189 2607
436 458 1164 1697
449 568 569 887 2011 2984
1993 1994 1995 1996
461 1051 1053 1870 2043
466 467 504 791 1038
468 1283 1284 2277
470 491 492 494 495 508 1285 1310 1573 1594
498 499 1043 1068 1069 1973 2498 2651 3670
479 541 1181 1434
485 486 845 1047 1060 2466 3966
488 1044 1072 1077 1078 1079 2223 2224
496 497 905 906 907 908 909 910 987 1003 1261 1959 2154
501 680 1205 1207 1208
502 597 1127 1128
510 513 578 900 901 999 1013 1097 1098 1099 1100 1101 1141 1160 1982 3006
517 1178 1179 1990 1991 4280
532 533 1008 1209 1280 1353 1358
550 551 912 1192 1493 2124
552 2010 2757 2854
561 564 1029 1031 1032
573 688 1498 1499
577 996 1156 1297 1299 1564 2258 2259 2604 2762
581 582 811 1445 1863
594 595 656 657 1216
611 738 739 1259 1260 2915
623 632 1126 1368 2699 2812
1480 1481 1826 1853 1885 1947
625 1468 1706 1712 2006
626 647 648 1086 1295 1705
636 644 1857 3007 3986
424 668 672 1418 3592 4309
670 671 1289 1951
673 674 3474 3805
695 696 950 1367 1684
713 714 1021 1834 1962 1963 1966 3749
728 1159 1970 2615
737 805 840 989 1006 1138 1139 1152 1211 1232 1281 1453
742 743 1349 1576 2917 3060 4362
747 748 2041 2726
632 765 1311 1312 1369 1503 1842 2681
767 857 1618 1709 2776 2777 2778 2779
777 778 779 780 835 1882 2575 3067 3885
790 799 1359 2850
807 808 1302 1817
816 817 4217 4218
821 1010 1212 1355 1357
828 829 830 2113 2114 2311 2312 2988 3300 3335
870 871 972 2799
885 1436 1461 2365
895 896 897 3483
916 1222 1635 1954 2606 2802 3078 3570 3589
931 1647 1648 1649 1650
957 1106 1107 1109 2103 2127 2367
959 961 1609 2503
966 1605 2810 2811 2937
577 579 996 1001 1007 1073 1074 1156 1213 1214 1281 1297
1002 1264 2222 2458
1019 1020 1821 1879 2122 2270 3000
1064 1065 1066 1067 1070 1071 2261 3565
1083 2001 3169 3170
1103 1104 1105 2166 2518
1111 1113 1114 1115 1116 1117 1118 1487 1761 1812 2072 2073 2785 3419 3679
1129 1130 1230 1490
1135 1193 1744 1954 2023 2388 3070 3276 3589
1145 1146 1262 2714 2825 3045
1215 3729 3808 3928 4314 4315
943 1356 1412 1413 1414 1806 2289
1279 1400 1675 2693 3091
1351 1520 1890 2012 2713 2758 2869 3049 3051 3596
1372 2486 2487 2999 3587
1375 1681 2142 2893 2976
1437 1975 2021 2177 2178 2179
1568 1569 1570 2057 2265 2504 2505 2506 2507 3011 3769 3890 4117
1642 1643 2314 4327
1801 1802 1803 1804 1805 2345 2398 2399 2403 3774
1430 1614 1903 1904 1905 1906 2354
2076 3198 3633 3634 3635
2078 2201 3277 3278 3279 3921
1035 2086 2212 2572
2329 2424 2541 2881
2405 3201 3494 3869
2419 2420 2724 3608
2679 3172 3173 3192 3193
2570 2689 2728 2809 2813 3994
2704 2806 2807 2840
2734 3177 3214 3215
3101 3102 3108 3109
4124 4125 4126 4287
