10 276 2103 2330 2857 2919 3956 4602 4982 
15 17 18 
19 20 21 22 23 327 358 359 360 361 362 
30 2035 2923 4159 
33 293 307 312 407 504 886 1188 1246 1393 1395 1804 3650 
36 37 335 
38 44 1499 
46 47 2733 3807 4109 4110 4276 4604 
50 644 2932 
51 52 53 1646 4084 
60 91 1297 4034 4056 4486 3918
61 62 63 64 1339 1767 3139 4305 
65 66 67 68 119 
69 317 802 1345 1389 1431 1472 1478 1819 2105 3217 3529 4273 4524 4704 
75 77 144 1536 
80 152 684 1221 1222 1434 1604 1605 1606 1607 2726 4069 4514 4539 4673 
85 87 172 265 697 1420 2522 2881 3287 3499 4065 4111 4122 4238 
86 1946 2729 4169 4250 4251 4362 4403 
96 97 1263 1452 1489 1564 1843 4071 
98 99 342 343 345 353 375 1338 1521 4496 
104 656 1497 
103 890 1496 
107 2071 2092 2098 2099 2077
113 176 357 617 817 1869 1956 2088 2757 3831 4413 4560 4630 
114 2882 3745 4168 4260 
127 944 945 
138 996 1450 3612 
139 374 1502 1579 1608 2521 4316 4632 
141 213 218 236 492 616 845 1563 1598 1723 1743 3538 3588 3677 
153 165 585 638 
159 164 659 1272 1273 1494 2883 3652 3809 4098 4519 4520 
161 1413 3690 4189 4507 4540 
170 1471 3668 
171 1771 3415 
180 4309 4310 4428 4552 4616 
183 184 428 
186 256 439 1097 1620 2235 3952 4039 2533
191 1301 2219 2331 3245 3624 3702 4186 4191 4564 4566 4567 4571 
193 261 332 798 1023 1033 1354 1373 1482 1501 1572 2530 2651 3772 4082 
197 306 383 392 480 628 630 631 759 856 857 889 1282 1473 1474 2252 4124 4219 
198 279 288 1364 
209 529 4976 
210 1430 2049 2050 2774 2917 4679 
217 273 1360 1476 
228 355 356 880 881 883 884 1765 1893 1979 2323 3486 3681 
245 1906 2298 3062 3717 4192 4254 4498 4194 4255 4263
252 253 254 
257 319 320 493 494 
263 1587 3623 
267 396 1561 1877 3329 4161 
280 287 292 1358 4149 
277 1247 1641 
1365 1367 1802 
286 928 932 1219 1873 1876 
303 522 770 771 773 776 778 784 786 787 1288 1994 1997 2961 3583 4158 4624 
321 322 323 324 
329 1559 1648 1654 
333 334 336 337 344 348 611 4620 
363 364 365 3527 4101 
373 1934 2387 2464 4265 372
390 597 661 
399 722 724 1928 1941 1943 4990 
404 406 2243 3126 
412 2110 2111 2115 2116 
423 713 1415 1711 1815 
457 1490 1491 
459 538 1512 1514 3513 3676 3770 
473 550 551 1153 
488 489 498 846 1123 1124 1891 4061 
501 579 598 
509 640 1492 3278 3640 4321 
527 1448 1466 1467 1697 4549 
531 532 4599 4705 
556 557 1283 
563 3035 4163 
567 1071 1100 
574 963 1271 3953 4049 4548 4627 
584 1554 4412 4597 673 4099
605 1065 2687 3626 4162 4468 3720
607 1122 2878 3054 3330 4307 4522 
623 624 625 
635 1026 1665 4217 4336 4474 
652 2720 3091 4225 4230 4338 4263
666 902 1441 1655 1656 2855 4092 
677 728 3177 
679 707 708 
698 699 700 
701 1756 1826 
1591 1592 1594 1595 
735 736 4296 4360 
755 1414 4133 
756 904 925 1597 1889 1894 1919 2384 3186 3284 3294 3394 3471 3560 3636 4628 4762 4771 4788 4792 4796 4798 4804 4826 4835 4871 
758 1610 1612 2478 
766 1118 2844 
769 2021 4283 
777 1007 1008 
808 1213 1242 1371 3033 3577 4237 4517 
847 2547 4461 
854 1398 2657 
860 891 1025 2043 
879 1174 2183 
907 908 909 2851 3426 4067 4284 4285 
922 1855 2027 3970 
926 927 1020 1269 1309 1384 1629 1812 2249 
933 1212 1215 3275 4280 4682 
935 1266 4108 
936 951 952 1130 2036 2938 4672 
937 938 941 2524 2895 
942 943 1156 2769 
3899 4171 4214 4234
975 4079 4170 4194
997 998 3779 
1015 1289 1355 1356 1442 1787 
1024 4072 4433 4511 
1052 1161 1162 1522 1523 4523 
1197 2032 4080 
1284 2295 3900 4105 4106 
1296 1440 1676 
1321 1369 3112 4068 
1377 1519 2094 4129 4130 
1396 1397 1535 
1399 1401 1456 1457 
1405 1422 1423 1424 1425 1426 1427 
1432 1433 1511 
1486 1487 1585 
1503 1504 1797 3703 
1568 2392 3806 3941 4890 
1659 1660 1661 
1662 1670 1671 1672
1668 1669 2943 3122 
1772 2151 3503 
1823 2670 2796 2808 4466 
1963 4154 4701 
2065 2309 4505 
2124 2775 3142 
2145 4688 4689 
2270 4573 4585 4587 
2465 3989 4844 
2528 3377 4312 4797 
2931 4527 4801 
3570 3902 4993 4994 
3950 4033 4467 
4917 4918 4919 
31 32 294 295 297 300 301 308 309 
36 37 1372 
41 330 1459 1550 2148 2325 3094 3266 4739 
88 89 472 
94 680 877 1185 1453 
127 944 1929 
189 727 4050 
267 291 668 
911 1532 1680 2011 
292 1358 4149 
422 3145 3249 4473 
434 435 4118 
475 1451 1517 
495 496 1429 1542 1543 1544 1545 
497 1479 2097 
582 1054 4545 
695 3873 4663 
696 1090 1098 
1928 1941 
769 1026 1258 4217 
839 840 841 894 1163 
977 1398 
871 2368 4199 
972 1080 1082 
975 4079 4389 
1068 1300 1774 
1084 1596 1975 2236 2375 3693 3731 3915 4773 4793 
1145 1404 2245 3182 4236 
1203 1419 1421 2511 4350 
1296 1440 1675 
1519 2094 3682 4129 
1416 1418 1967 
1483 1484 3458 
1509 3842 4241 
1828 2177 2048 2564
1663 1667 4376 1672
1858 2860 4142 4143 
2585 3360 4223 
3889 4075 4076 
2 262 4054 
14 1392 1651 2044 2317 2627 3211 3546 3885 4164 4165 4980 
104 1497 1843 2329 4071 1022 1566
280 287 
293 1188 1393 1804 
326 405 661 798 1033 1482 1501 1572 2029 3772 
486 4210 3231 4214
720 1349 3002 3024 
812 2965 4765 4770 
946 1611 4710 
1026 1258 1665 1666
1251 2565 
1428 1652 1920 
1581 1582 1583 
2314 2316 2346 2350 2352 2624 2633 2635 
2619 3062 3687 4263 4266
60 91 329 1297 
61 62 1339 
96 97 1263 
100 101 1382 4074 
141 236 1598 205
151 528 1706 614 615
186 256 481 1097 1377 1519 2094 4129 
261 315 332 1354 1373 1506 2651 4082 
228 355 356 884 3486 
1906 3605 4190 4194 4263 4333
400 1196 2697 2698 3049 
769 1026 4217 
1006 2603 2656 2956 
1596 2375 3915 1593 4769
2221 2361 4227 
14 1392 3211 3546 4165 
41 330 1550 2093 2870 4341 
644 1699 3138 4342 
66 531 532 4599 
81 541 676 2242 
98 99 350 351 1337 
135 1446 1818 3898 4048
168 177 178 179 
529 3506 4533 
319 447 544 1540 
1587 3870 4064 4687 4692 
922 1802 
522 743 1868 1927 4301 
722 1926 1930 1942 3165 
401 798 1482 2530 3772 
2110 2113 2114 
744 1093 1621 
587 811 984 1049 1533 1888 2244 2341 2342 2495 2671 2734 2864 3074 3208 3653 3921 3957 3973 4698 4764 4767 4785 4787 4794 4799 
655 1631 2834 2990 
677 728 2275 2630 
769 1026 1665 
777 1007 2531 2532 
779 1553 4359 4370 
1321 1369 1626 2039 2694 
1508 1817 2514 4148 
2068 2669 4180 4694 
69 271 317 911 1389 1532 1819 
134 3545 3942 3994 4032 4575 4576 4577 4580 4583 
170 509 640 1471 
180 4309 4616 
193 261 315 332 339
236 3473 4534 
294 296 304 1343 310 313
394 397 400 
396 643 4388 
553 906 3426 
635 4336 4474 
812 2965 3117 
2469 3915 3930 
1097 4348 4483 
1611 1614 4711 1911
41 330 4341 
100 101 
798 1033 1501 1572 
429 1182 1550 2536 
904 1084 1596 1975 2236 2375 3915 
1331 1805 1814 2305 1385 1386 1633
1738 4210 4211 4383 
65 66 531 
96 97 
100 1381 1454 
114 2882 4252 4263
139 374 1608 
144 830 831 
183 184 
210 440 441 
252 253 255 
363 364 4060 
495 496 1545 
574 963 3525 
652 2720 4225 
1590 1591 1593
839 840 842 
860 891 2453 
926 927 
1339 1767 3139 
1405 1422 
1568 2392 4786 
69 271 275 911 1532 
85 87 265 1026 1258 
100 101 555 
317 1345 2190 3217 3529 4273 
802 2376 4137 
1889 2931 4527 
2330 2857 2919 
41 330 2148 
68 1582 1583 
193 315 401 1572 
723 1231 1938 
893 1533 3716 2723
984 2569 3890 4831 
85 87 265 769 1026 
193 1033 1501 
197 306 628 630 1475
587 811 984 
2191 3232 4765 
94 680 1185 
97 104 656 
98 99 
107 108 2071 
110 788 4053 
113 357 1956 
134 3316 3545 
138 996 1828 
139 374 1503 
159 164 659 
161 1413 3690 
167 1088 3589 4263
180 584 1554 4309 
186 256 283 
187 3949 3962 4066
191 1301 3624 4186 
197 306 630 950 
198 279 281 1802 
217 273 280 
244 1985 2436 2672 4107 4294 
259 260 1401 
286 928 1876 920 1216
293 407 1152 1658
303 522 743 
340 341 4151 
355 880 881 883 1893 1979 3681 
395 402 403 
399 722 724 
422 3145 3249 
423 713 1711 
459 538 1512 
488 489 498 
495 496 1542 
587 811 984 1049 2244 2495 2671 
605 1065 2687 
607 608 1122 3858
652 1823 2720 4190
666 902 2855 
668 1180 2347 
671 672 1435 
679 707 1300 
681 3507 4083 4084 
692 704 4131 
720 1349 1400 
756 904 1596 
808 1213 1242 
812 2965 4765 
813 822 825 
839 840 841 
935 1266 1842 4556
1067 2300 4512 
1203 1419 2511 
1500 1501 4293 
1858 2860 4142 
2128 2426 3464 
10 276 2857 
14 1145 1392 
31 32 407 
41 330 1550 
51 52 1218 
55 56 1408 
65 66 68 
69 271 317 1389 1819 
75 77 228 
78 109 1649 
85 87 265 
95 96 97 
141 149 490 150 166 615
167 245 1088 4263
186 256 481 
237 600 2549 
249 2071 2072 2080 4066
326 405 1572 2029 
395 402 403 924 1331 1385 1386
432 433 2624 
678 775 2084 
756 904 1889 
758 946 1610 
843 3041 4171 
1344 2055 2773 4202 4203 4535 4641 
1711 2914 4178 
1993 3249 4453 
2931 4761 4888 
10 276 486 
31 32 294 297 
51 52 53 
60 91 261 
61 62 1006 
151 490 782 1878 
587 811 1049 
678 1803 2084 
2894 2919 4256 
755 1715 4133 
1006 2221 2603 2956 
1922 4177 4298 3213
2670 3291 4081 
193 1501 1572 
292 1359 1750 
467 491 667 
245 2619 3062 4263
924 1331 1385 1386 1633
1368 1370 1530 
1664 1849 4090 
