0.050000 1.000000 0.750000 0.268148 0.208129 0.709132 0.340783 98
0.050000 1.500000 0.750000 0.262122 0.209553 0.701534 0.337766 90
0.050000 2.000000 0.750000 0.255951 0.204509 0.695096 0.331364 86
0.050000 2.500000 0.750000 0.257290 0.206468 0.691221 0.332377 86
0.050000 3.000000 0.750000 0.262291 0.212305 0.687627 0.337053 86
0.050000 3.500000 0.750000 0.265218 0.215808 0.686199 0.339917 86
0.050000 4.000000 0.750000 0.265285 0.215722 0.683188 0.339403 83
0.050000 4.500000 0.750000 0.266000 0.215668 0.686307 0.340195 82
0.050000 5.000000 0.750000 0.264469 0.215413 0.681392 0.338596 81
0.050000 5.500000 0.750000 0.265226 0.216165 0.682569 0.339508 80
0.050000 6.000000 0.750000 0.263883 0.215033 0.684447 0.338651 78
0.050000 6.500000 0.750000 0.262936 0.215251 0.683343 0.338177 77
0.050000 7.000000 0.750000 0.263086 0.216031 0.685683 0.339036 76
0.050000 7.500000 0.750000 0.262216 0.215686 0.684338 0.338260 76
0.050000 8.000000 0.750000 0.260805 0.214145 0.684252 0.336832 76
0.050000 8.500000 0.750000 0.259734 0.212935 0.687162 0.336211 76
0.050000 9.000000 0.750000 0.259872 0.213147 0.687598 0.336453 76
0.050000 9.500000 0.750000 0.258602 0.212363 0.685292 0.335116 76
0.050000 10.000000 0.750000 0.257892 0.209839 0.687643 0.333859 75
0.050000 10.500000 0.750000 0.257064 0.209045 0.687179 0.333005 75
0.050000 11.000000 0.750000 0.257208 0.209256 0.687669 0.333258 75
0.050000 11.500000 0.750000 0.257098 0.209466 0.687570 0.333306 75
0.050000 12.000000 0.750000 0.257098 0.209466 0.687570 0.333306 75
0.050000 12.500000 0.750000 0.257236 0.209677 0.688062 0.333557 75
0.050000 13.000000 0.750000 0.257236 0.209677 0.688062 0.333557 75
0.050000 13.500000 0.750000 0.257236 0.209677 0.688062 0.333557 75
0.050000 14.000000 0.750000 0.257695 0.209726 0.690824 0.334227 75
0.050000 14.500000 0.750000 0.257695 0.209726 0.690824 0.334227 75
0.050000 15.000000 0.750000 0.257952 0.210152 0.691820 0.334726 75
0.050000 15.500000 0.750000 0.257952 0.210152 0.691820 0.334726 75
0.050000 16.000000 0.750000 0.257952 0.210152 0.691820 0.334726 75
0.050000 16.500000 0.750000 0.258551 0.211656 0.695340 0.336350 75
0.050000 17.000000 0.750000 0.258551 0.211656 0.695340 0.336350 75
0.050000 17.500000 0.750000 0.258551 0.211656 0.695340 0.336350 74
0.050000 18.000000 0.750000 0.258551 0.211656 0.695340 0.336350 74
0.050000 18.500000 0.750000 0.258551 0.211656 0.695340 0.336350 74
0.050000 19.000000 0.750000 0.258583 0.211873 0.695847 0.336560 74
0.050000 19.500000 0.750000 0.258583 0.211873 0.695847 0.336560 74
0.050000 20.000000 0.750000 0.258583 0.211873 0.695847 0.336560 74
