0.050000 1.000000 0.950000 0.258062 0.196942 0.722628 0.332398 100
0.050000 1.500000 0.950000 0.262596 0.204420 0.705130 0.335758 92
0.050000 2.000000 0.950000 0.259144 0.205572 0.705007 0.334888 88
0.050000 2.500000 0.950000 0.256312 0.203747 0.700633 0.331984 86
0.050000 3.000000 0.950000 0.254857 0.203363 0.698745 0.330848 86
0.050000 3.500000 0.950000 0.256548 0.205401 0.694105 0.331944 86
0.050000 4.000000 0.950000 0.256902 0.206297 0.694458 0.332636 86
0.050000 4.500000 0.950000 0.257556 0.206549 0.695726 0.333256 86
0.050000 5.000000 0.950000 0.260248 0.210708 0.685637 0.335007 86
0.050000 5.500000 0.950000 0.260301 0.210387 0.686528 0.335005 84
0.050000 6.000000 0.950000 0.262847 0.212690 0.689021 0.337723 82
0.050000 6.500000 0.950000 0.263589 0.213962 0.682615 0.337660 82
0.050000 7.000000 0.950000 0.264821 0.214679 0.684882 0.338937 81
0.050000 7.500000 0.950000 0.266051 0.215143 0.687177 0.340085 80
0.050000 8.000000 0.950000 0.265776 0.215213 0.686332 0.339865 80
0.050000 8.500000 0.950000 0.264982 0.214753 0.687196 0.339426 79
0.050000 9.000000 0.950000 0.264977 0.215428 0.685287 0.339465 79
0.050000 9.500000 0.950000 0.265058 0.215575 0.686694 0.339808 78
0.050000 10.000000 0.950000 0.265742 0.216397 0.687819 0.340718 78
0.050000 10.500000 0.950000 0.266198 0.217017 0.688087 0.341282 78
0.050000 11.000000 0.950000 0.263832 0.215534 0.687125 0.339333 76
0.050000 11.500000 0.950000 0.263832 0.215534 0.687125 0.339333 76
0.050000 12.000000 0.950000 0.262661 0.215610 0.684709 0.338473 76
0.050000 12.500000 0.950000 0.263184 0.216243 0.685375 0.339138 76
0.050000 13.000000 0.950000 0.263262 0.216454 0.685487 0.339301 76
0.050000 13.500000 0.950000 0.260877 0.212032 0.687011 0.336202 75
0.050000 14.000000 0.950000 0.260877 0.212032 0.687011 0.336202 75
0.050000 14.500000 0.950000 0.258811 0.210000 0.689060 0.334569 75
0.050000 15.000000 0.950000 0.258811 0.210000 0.689060 0.334569 75
0.050000 15.500000 0.950000 0.258811 0.210000 0.689060 0.334569 75
0.050000 16.000000 0.950000 0.257671 0.209419 0.687184 0.333466 75
0.050000 16.500000 0.950000 0.257762 0.209629 0.687205 0.333620 75
0.050000 17.000000 0.950000 0.257762 0.209629 0.687205 0.333620 75
0.050000 17.500000 0.950000 0.257892 0.209839 0.687643 0.333859 75
0.050000 18.000000 0.950000 0.257064 0.209045 0.687179 0.333005 75
0.050000 18.500000 0.950000 0.257064 0.209045 0.687179 0.333005 75
0.050000 19.000000 0.950000 0.257208 0.209256 0.687669 0.333258 75
0.050000 19.500000 0.950000 0.257208 0.209256 0.687669 0.333258 75
0.050000 20.000000 0.950000 0.257098 0.209466 0.687570 0.333306 75
