0.050000 1.000000 0.750000 0.266538 0.208129 0.706494 0.339677 98
0.050000 1.500000 0.750000 0.260369 0.209553 0.698810 0.336574 90
0.050000 2.000000 0.750000 0.254478 0.204509 0.692895 0.330377 86
0.050000 2.500000 0.750000 0.255773 0.206468 0.688953 0.331359 86
0.050000 3.000000 0.750000 0.260711 0.212305 0.685260 0.335989 86
0.050000 3.500000 0.750000 0.263598 0.215808 0.683773 0.338824 86
0.050000 4.000000 0.750000 0.263618 0.215722 0.680692 0.338278 83
0.050000 4.500000 0.750000 0.264319 0.215668 0.683790 0.339062 82
0.050000 5.000000 0.750000 0.262775 0.215413 0.678856 0.337452 81
0.050000 5.500000 0.750000 0.263513 0.216165 0.680003 0.338350 80
0.050000 6.000000 0.750000 0.262148 0.215033 0.681849 0.337479 78
0.050000 6.500000 0.750000 0.261176 0.215251 0.680707 0.336987 77
0.050000 7.000000 0.750000 0.261305 0.216031 0.683014 0.337830 76
0.050000 7.500000 0.750000 0.260428 0.215686 0.681661 0.337049 76
0.050000 8.000000 0.750000 0.259014 0.214145 0.681569 0.335620 76
0.050000 8.500000 0.750000 0.257921 0.212935 0.684445 0.334984 76
0.050000 9.000000 0.750000 0.258056 0.213147 0.684878 0.335224 76
0.050000 9.500000 0.750000 0.256785 0.212363 0.682570 0.333886 76
0.050000 10.000000 0.750000 0.256062 0.209839 0.684902 0.332624 75
0.050000 10.500000 0.750000 0.255232 0.209045 0.684434 0.331769 75
0.050000 11.000000 0.750000 0.255374 0.209256 0.684922 0.332020 75
0.050000 11.500000 0.750000 0.255262 0.209466 0.684820 0.332067 75
0.050000 12.000000 0.750000 0.255262 0.209466 0.684820 0.332067 75
0.050000 12.500000 0.750000 0.255398 0.209677 0.685309 0.332316 75
0.050000 13.000000 0.750000 0.255398 0.209677 0.685309 0.332316 75
0.050000 13.500000 0.750000 0.255398 0.209677 0.685309 0.332316 75
0.050000 14.000000 0.750000 0.255848 0.209726 0.688057 0.332981 75
0.050000 14.500000 0.750000 0.255848 0.209726 0.688057 0.332981 75
0.050000 15.000000 0.750000 0.256102 0.210152 0.689048 0.333477 75
0.050000 15.500000 0.750000 0.256102 0.210152 0.689048 0.333477 75
0.050000 16.000000 0.750000 0.256102 0.210152 0.689048 0.333477 75
0.050000 16.500000 0.750000 0.256687 0.211656 0.692548 0.335090 75
0.050000 17.000000 0.750000 0.256687 0.211656 0.692548 0.335090 75
0.050000 17.500000 0.750000 0.256687 0.211656 0.692548 0.335090 74
0.050000 18.000000 0.750000 0.256687 0.211656 0.692548 0.335090 74
0.050000 18.500000 0.750000 0.256687 0.211656 0.692548 0.335090 74
0.050000 19.000000 0.750000 0.256717 0.211873 0.693052 0.335299 74
0.050000 19.500000 0.750000 0.256717 0.211873 0.693052 0.335299 74
0.050000 20.000000 0.750000 0.256717 0.211873 0.693052 0.335299 74
