0.050000 1.000000 0.950000 0.256638 0.196942 0.720221 0.331417 100
0.050000 1.500000 0.950000 0.261003 0.204420 0.702452 0.334653 92
0.050000 2.000000 0.950000 0.257756 0.205572 0.702861 0.333950 88
0.050000 2.500000 0.950000 0.254883 0.203747 0.698497 0.331029 86
0.050000 3.000000 0.950000 0.253393 0.203363 0.696556 0.329868 86
0.050000 3.500000 0.950000 0.255051 0.205401 0.691868 0.330941 86
0.050000 4.000000 0.950000 0.255387 0.206297 0.692192 0.331619 86
0.050000 4.500000 0.950000 0.256025 0.206549 0.693433 0.332228 86
0.050000 5.000000 0.950000 0.258673 0.210708 0.683278 0.333946 86
0.050000 5.500000 0.950000 0.258696 0.210387 0.684124 0.333924 84
0.050000 6.000000 0.950000 0.261217 0.212690 0.686580 0.336625 82
0.050000 6.500000 0.950000 0.261935 0.213962 0.680139 0.336545 82
0.050000 7.000000 0.950000 0.263148 0.214679 0.682377 0.337809 81
0.050000 7.500000 0.950000 0.264367 0.215143 0.684655 0.338950 80
0.050000 8.000000 0.950000 0.264085 0.215213 0.683799 0.338725 80
0.050000 8.500000 0.950000 0.263280 0.214753 0.684647 0.338278 79
0.050000 9.000000 0.950000 0.263262 0.215428 0.682718 0.338307 79
0.050000 9.500000 0.950000 0.263327 0.215575 0.684100 0.338639 78
0.050000 10.000000 0.950000 0.264004 0.216397 0.685216 0.339544 78
0.050000 10.500000 0.950000 0.264455 0.217017 0.685476 0.340105 78
0.050000 11.000000 0.950000 0.262062 0.215534 0.684474 0.338137 76
0.050000 11.500000 0.950000 0.262062 0.215534 0.684474 0.338137 76
0.050000 12.000000 0.950000 0.260882 0.215610 0.682045 0.337268 76
0.050000 12.500000 0.950000 0.261400 0.216243 0.682704 0.337930 76
0.050000 13.000000 0.950000 0.261477 0.216454 0.682812 0.338091 76
0.050000 13.500000 0.950000 0.259079 0.212032 0.684318 0.334989 75
0.050000 14.000000 0.950000 0.259079 0.212032 0.684318 0.334989 75
0.050000 14.500000 0.950000 0.256988 0.210000 0.686329 0.333341 75
0.050000 15.000000 0.950000 0.256988 0.210000 0.686329 0.333341 75
0.050000 15.500000 0.950000 0.256988 0.210000 0.686329 0.333341 75
0.050000 16.000000 0.950000 0.255844 0.209419 0.684448 0.332234 75
0.050000 16.500000 0.950000 0.255934 0.209629 0.684466 0.332387 75
0.050000 17.000000 0.950000 0.255934 0.209629 0.684466 0.332387 75
0.050000 17.500000 0.950000 0.256062 0.209839 0.684902 0.332624 75
0.050000 18.000000 0.950000 0.255232 0.209045 0.684434 0.331769 75
0.050000 18.500000 0.950000 0.255232 0.209045 0.684434 0.331769 75
0.050000 19.000000 0.950000 0.255374 0.209256 0.684922 0.332020 75
0.050000 19.500000 0.950000 0.255374 0.209256 0.684922 0.332020 75
0.050000 20.000000 0.950000 0.255262 0.209466 0.684820 0.332067 75
