0.100000 6.000000 0.050000 0.371075 0.311718 0.693044 0.431183 107
0.100000 6.000000 0.100000 0.371075 0.311718 0.693044 0.431183 107
0.100000 6.000000 0.150000 0.371075 0.311718 0.693044 0.431183 107
0.100000 6.000000 0.200000 0.371075 0.311718 0.693044 0.431183 107
0.100000 6.000000 0.250000 0.371075 0.311718 0.693044 0.431183 107
0.100000 6.000000 0.300000 0.371075 0.311718 0.693044 0.431183 107
0.100000 6.000000 0.350000 0.371075 0.311718 0.693044 0.431183 108
0.100000 6.000000 0.400000 0.370300 0.311438 0.690659 0.430259 109
0.100000 6.000000 0.450000 0.369221 0.314543 0.687861 0.430681 110
0.100000 6.000000 0.500000 0.372184 0.321429 0.686074 0.434581 112
0.100000 6.000000 0.550000 0.372448 0.323009 0.683709 0.434894 113
0.100000 6.000000 0.600000 0.372357 0.323043 0.684639 0.435071 114
0.100000 6.000000 0.650000 0.371996 0.322687 0.684436 0.434728 114
0.100000 6.000000 0.700000 0.374776 0.326039 0.684141 0.437249 114
0.100000 6.000000 0.750000 0.374636 0.326776 0.683541 0.437396 114
0.100000 6.000000 0.800000 0.373678 0.326486 0.681002 0.436352 114
0.100000 6.000000 0.850000 0.373354 0.325831 0.679678 0.435651 114
0.100000 6.000000 0.900000 0.370424 0.323929 0.673467 0.432336 115
0.100000 6.000000 0.950000 0.369024 0.321911 0.673113 0.430817 115
0.100000 6.000000 1.000000 0.369372 0.322382 0.676075 0.431794 116
0.100000 6.000000 1.050000 0.370844 0.323800 0.677537 0.433312 117
0.100000 6.000000 1.100000 0.369295 0.321862 0.676226 0.431564 117
0.100000 6.000000 1.150000 0.371207 0.323383 0.671868 0.432055 118
0.100000 6.000000 1.200000 0.370282 0.320274 0.676368 0.431267 118
0.100000 6.000000 1.250000 0.367465 0.317261 0.678084 0.429179 118
0.100000 6.000000 1.300000 0.366598 0.315094 0.681954 0.428675 118
0.100000 6.000000 1.350000 0.365064 0.315985 0.680546 0.428185 119
0.100000 6.000000 1.400000 0.363937 0.314390 0.683787 0.427700 120
0.100000 6.000000 1.450000 0.363964 0.314057 0.691882 0.429239 121
0.100000 6.000000 1.500000 0.365397 0.316883 0.701140 0.433002 122
0.100000 6.000000 1.550000 0.366421 0.316102 0.712957 0.435469 122
0.100000 6.000000 1.600000 0.360489 0.309756 0.715621 0.430723 123
0.100000 6.000000 1.650000 0.354020 0.302911 0.721313 0.426078 123
0.100000 6.000000 1.700000 0.347117 0.294833 0.721027 0.419438 123
0.100000 6.000000 1.750000 0.342185 0.288660 0.728930 0.416017 123
0.100000 6.000000 1.800000 0.340535 0.285097 0.723132 0.412532 123
0.100000 6.000000 1.850000 0.334644 0.278119 0.704439 0.403229 124
0.100000 6.000000 1.900000 0.330376 0.273325 0.699218 0.398199 124
0.100000 6.000000 1.950000 0.324698 0.265615 0.706142 0.393437 124
0.100000 6.000000 2.000000 0.322046 0.261108 0.719680 0.392608 125
0.100000 6.000000 2.050000 0.317604 0.255132 0.749517 0.393077 125
0.100000 6.000000 2.100000 0.314458 0.249858 0.768524 0.392318 125
0.100000 6.000000 2.150000 0.309198 0.244334 0.770545 0.387560 125
0.100000 6.000000 2.200000 0.300655 0.235665 0.769792 0.379239 125
0.100000 6.000000 2.250000 0.293184 0.228514 0.773288 0.372790 125
0.100000 6.000000 2.300000 0.288399 0.223859 0.776716 0.368759 125
0.100000 6.000000 2.350000 0.286156 0.220525 0.778303 0.366215 127
0.100000 6.000000 2.400000 0.280250 0.213990 0.781674 0.360569 127
0.100000 6.000000 2.450000 0.274478 0.208427 0.785238 0.355485 127
0.100000 6.000000 2.500000 0.271148 0.205717 0.734456 0.344731 127
0.100000 6.000000 2.550000 0.266664 0.201007 0.744521 0.341731 128
0.100000 6.000000 2.600000 0.263041 0.198868 0.745471 0.339109 128
0.100000 6.000000 2.650000 0.256664 0.193323 0.754731 0.334565 129
0.100000 6.000000 2.700000 0.252352 0.189006 0.760615 0.331041 130
0.100000 6.000000 2.750000 0.251785 0.187732 0.765198 0.330710 130
0.100000 6.000000 2.800000 0.251172 0.186559 0.759570 0.328941 130
0.100000 6.000000 2.850000 0.251240 0.187139 0.763943 0.329942 130
0.100000 6.000000 2.900000 0.249855 0.185185 0.764175 0.328218 130
0.100000 6.000000 2.950000 0.249634 0.185940 0.763350 0.328448 130
0.100000 6.000000 3.000000 0.248514 0.184530 0.759321 0.326548 131
0.100000 6.000000 3.050000 0.246972 0.182752 0.756066 0.324357 131
0.100000 6.000000 3.100000 0.246988 0.182188 0.756329 0.324067 131
0.100000 6.000000 3.150000 0.246256 0.180727 0.761319 0.323588 131
0.100000 6.000000 3.200000 0.244710 0.179124 0.761148 0.321928 131
0.100000 6.000000 3.250000 0.245398 0.178988 0.764228 0.322582 132
0.100000 6.000000 3.300000 0.245515 0.178583 0.766973 0.322775 132
0.100000 6.000000 3.350000 0.245343 0.178243 0.767358 0.322548 134
0.100000 6.000000 3.400000 0.244684 0.181189 0.758925 0.322834 134
0.100000 6.000000 3.450000 0.244351 0.180994 0.755446 0.322078 134
0.100000 6.000000 3.500000 0.243301 0.179988 0.754926 0.320945 134
0.100000 6.000000 3.550000 0.242948 0.179558 0.753672 0.320357 135
0.100000 6.000000 3.600000 0.242270 0.178844 0.753407 0.319596 135
0.100000 6.000000 3.650000 0.241291 0.178669 0.750853 0.318700 135
0.100000 6.000000 3.700000 0.242047 0.178928 0.751904 0.319335 135
0.100000 6.000000 3.750000 0.242496 0.179186 0.752845 0.319819 135
0.100000 6.000000 3.800000 0.242250 0.179194 0.752093 0.319610 136
0.100000 6.000000 3.850000 0.242667 0.179257 0.752548 0.319894 136
0.100000 6.000000 3.900000 0.242296 0.178667 0.752710 0.319403 136
0.100000 6.000000 3.950000 0.242878 0.178784 0.753338 0.319818 136
0.100000 6.000000 4.000000 0.242726 0.178625 0.753261 0.319645 136
0.100000 6.000000 4.050000 0.242820 0.178603 0.752869 0.319618 137
0.100000 6.000000 4.100000 0.242671 0.177969 0.754241 0.319367 137
0.100000 6.000000 4.150000 0.242620 0.177738 0.755002 0.319314 137
0.100000 6.000000 4.200000 0.242732 0.177595 0.754607 0.319222 137
0.100000 6.000000 4.250000 0.241841 0.176746 0.753043 0.318102 137
0.100000 6.000000 4.300000 0.241970 0.176779 0.753646 0.318264 137
0.100000 6.000000 4.350000 0.241838 0.176865 0.752695 0.318123 137
0.100000 6.000000 4.400000 0.241763 0.176762 0.752653 0.318022 137
0.100000 6.000000 4.450000 0.241809 0.176778 0.751605 0.317905 139
0.100000 6.000000 4.500000 0.241710 0.176419 0.751369 0.317613 140
0.100000 6.000000 4.550000 0.241919 0.176266 0.753869 0.317964 140
0.100000 6.000000 4.600000 0.242149 0.176335 0.753617 0.318071 140
0.100000 6.000000 4.650000 0.242112 0.176182 0.753773 0.317985 140
0.100000 6.000000 4.700000 0.242055 0.176131 0.753652 0.317912 140
0.100000 6.000000 4.750000 0.242189 0.176217 0.753666 0.318024 140
0.100000 6.000000 4.800000 0.242090 0.176064 0.753494 0.317865 140
0.100000 6.000000 4.850000 0.241971 0.175963 0.753635 0.317772 140
0.100000 6.000000 4.900000 0.241924 0.175913 0.753610 0.317717 140
0.100000 6.000000 4.950000 0.241848 0.175812 0.753752 0.317643 140
0.100000 6.000000 5.000000 0.241809 0.175761 0.753631 0.317579 140
