0.100000 6.000000 0.050000 0.371286 0.311718 0.692863 0.431227 107
0.100000 6.000000 0.100000 0.371286 0.311718 0.692863 0.431227 107
0.100000 6.000000 0.150000 0.371286 0.311718 0.692863 0.431227 107
0.100000 6.000000 0.200000 0.371286 0.311718 0.692863 0.431227 107
0.100000 6.000000 0.250000 0.371286 0.311718 0.692863 0.431227 107
0.100000 6.000000 0.300000 0.371286 0.311718 0.692863 0.431227 107
0.100000 6.000000 0.350000 0.371286 0.311718 0.692863 0.431227 108
0.100000 6.000000 0.400000 0.370510 0.311438 0.690479 0.430303 109
0.100000 6.000000 0.450000 0.369451 0.314543 0.687694 0.430736 110
0.100000 6.000000 0.500000 0.372412 0.321429 0.685908 0.434635 112
0.100000 6.000000 0.550000 0.372695 0.323009 0.683559 0.434959 113
0.100000 6.000000 0.600000 0.372616 0.323043 0.684499 0.435143 114
0.100000 6.000000 0.650000 0.372255 0.322687 0.684296 0.434799 114
0.100000 6.000000 0.700000 0.375048 0.326039 0.684012 0.437328 114
0.100000 6.000000 0.750000 0.374917 0.326776 0.683418 0.437479 114
0.100000 6.000000 0.800000 0.373982 0.326486 0.680899 0.436448 114
0.100000 6.000000 0.850000 0.373667 0.325831 0.679583 0.435752 114
0.100000 6.000000 0.900000 0.370785 0.323929 0.673424 0.432468 115
0.100000 6.000000 0.950000 0.369383 0.321911 0.673071 0.430948 115
0.100000 6.000000 1.000000 0.369728 0.322382 0.676033 0.431924 116
0.100000 6.000000 1.050000 0.371198 0.323800 0.677495 0.433440 117
0.100000 6.000000 1.100000 0.369646 0.321862 0.676185 0.431692 117
0.100000 6.000000 1.150000 0.371576 0.323383 0.671845 0.432193 118
0.100000 6.000000 1.200000 0.370646 0.320274 0.676345 0.431403 118
0.100000 6.000000 1.250000 0.367834 0.317261 0.678102 0.429327 118
0.100000 6.000000 1.300000 0.366972 0.315094 0.681983 0.428827 118
0.100000 6.000000 1.350000 0.365433 0.315985 0.680574 0.428335 119
0.100000 6.000000 1.400000 0.364322 0.314390 0.683946 0.427884 120
0.100000 6.000000 1.450000 0.364597 0.314057 0.692831 0.429684 121
0.100000 6.000000 1.500000 0.366223 0.316883 0.702550 0.433618 122
0.100000 6.000000 1.550000 0.367308 0.316102 0.714712 0.436177 122
0.100000 6.000000 1.600000 0.361336 0.309756 0.717410 0.431419 123
0.100000 6.000000 1.650000 0.354861 0.302911 0.723183 0.426783 123
0.100000 6.000000 1.700000 0.348029 0.294833 0.723212 0.420229 123
0.100000 6.000000 1.750000 0.343069 0.288660 0.731048 0.416778 123
0.100000 6.000000 1.800000 0.341403 0.285097 0.725485 0.413329 123
0.100000 6.000000 1.850000 0.335454 0.278119 0.706829 0.404010 124
0.100000 6.000000 1.900000 0.331190 0.273325 0.701600 0.398977 124
0.100000 6.000000 1.950000 0.325589 0.265615 0.709304 0.394383 124
0.100000 6.000000 2.000000 0.322949 0.261108 0.723069 0.393590 125
0.100000 6.000000 2.050000 0.318478 0.255132 0.752917 0.394031 125
0.100000 6.000000 2.100000 0.315313 0.249858 0.771831 0.393236 125
0.100000 6.000000 2.150000 0.310026 0.244334 0.773888 0.388466 125
0.100000 6.000000 2.200000 0.301449 0.235665 0.773069 0.380110 125
0.100000 6.000000 2.250000 0.293966 0.228514 0.776490 0.373636 125
0.100000 6.000000 2.300000 0.289166 0.223859 0.779876 0.369586 125
0.100000 6.000000 2.350000 0.286902 0.220525 0.781390 0.367017 127
0.100000 6.000000 2.400000 0.280963 0.213990 0.784921 0.361373 127
0.100000 6.000000 2.450000 0.275171 0.208427 0.788426 0.356264 127
0.100000 6.000000 2.500000 0.271881 0.205717 0.737793 0.345563 127
0.100000 6.000000 2.550000 0.267417 0.201007 0.747976 0.342580 128
0.100000 6.000000 2.600000 0.263775 0.198868 0.748938 0.339950 128
0.100000 6.000000 2.650000 0.257367 0.193323 0.758106 0.335368 129
0.100000 6.000000 2.700000 0.253034 0.189006 0.763893 0.331815 130
0.100000 6.000000 2.750000 0.252458 0.187732 0.768435 0.331471 130
0.100000 6.000000 2.800000 0.251870 0.186559 0.762878 0.329723 130
0.100000 6.000000 2.850000 0.251924 0.187139 0.767249 0.330717 130
0.100000 6.000000 2.900000 0.250529 0.185185 0.767434 0.328979 130
0.100000 6.000000 2.950000 0.250299 0.185940 0.766566 0.329201 130
0.100000 6.000000 3.000000 0.249171 0.184530 0.762495 0.327291 131
0.100000 6.000000 3.050000 0.247620 0.182752 0.759197 0.325088 131
0.100000 6.000000 3.100000 0.247629 0.182188 0.759427 0.324790 131
0.100000 6.000000 3.150000 0.246887 0.180727 0.764370 0.324296 131
0.100000 6.000000 3.200000 0.245334 0.179124 0.764161 0.322625 131
0.100000 6.000000 3.250000 0.246012 0.178988 0.767195 0.323268 132
0.100000 6.000000 3.300000 0.246122 0.178583 0.769906 0.323452 132
0.100000 6.000000 3.350000 0.245943 0.178243 0.770260 0.323217 134
0.100000 6.000000 3.400000 0.245383 0.181189 0.761937 0.323568 134
0.100000 6.000000 3.450000 0.245053 0.180994 0.758449 0.322812 134
0.100000 6.000000 3.500000 0.243997 0.179988 0.757904 0.321672 134
0.100000 6.000000 3.550000 0.243646 0.180479 0.754524 0.321331 135
0.100000 6.000000 3.600000 0.242966 0.179762 0.754258 0.320569 135
0.100000 6.000000 3.650000 0.241990 0.178669 0.753789 0.319423 135
0.100000 6.000000 3.700000 0.242744 0.178928 0.754829 0.320056 135
0.100000 6.000000 3.750000 0.243216 0.179186 0.755871 0.320564 135
0.100000 6.000000 3.800000 0.242982 0.179194 0.755221 0.320374 136
0.100000 6.000000 3.850000 0.243396 0.179257 0.755667 0.320656 136
0.100000 6.000000 3.900000 0.243023 0.178667 0.755818 0.320162 136
0.100000 6.000000 3.950000 0.243603 0.178784 0.756438 0.320574 136
0.100000 6.000000 4.000000 0.243451 0.178625 0.756358 0.320401 136
0.100000 6.000000 4.050000 0.243543 0.178603 0.755961 0.320372 137
0.100000 6.000000 4.100000 0.243391 0.177969 0.757322 0.320118 137
0.100000 6.000000 4.150000 0.243335 0.177738 0.758123 0.320068 137
0.100000 6.000000 4.200000 0.243444 0.177595 0.757715 0.319972 137
0.100000 6.000000 4.250000 0.242549 0.176746 0.756131 0.318846 137
0.100000 6.000000 4.300000 0.242677 0.176779 0.756730 0.319007 137
0.100000 6.000000 4.350000 0.242540 0.176865 0.755823 0.318871 137
0.100000 6.000000 4.400000 0.242464 0.176762 0.755780 0.318770 137
0.100000 6.000000 4.450000 0.242509 0.176778 0.754722 0.318650 139
0.100000 6.000000 4.500000 0.242404 0.176419 0.754528 0.318362 140
0.100000 6.000000 4.550000 0.242613 0.176266 0.757025 0.318711 140
0.100000 6.000000 4.600000 0.242841 0.176335 0.756764 0.318816 140
0.100000 6.000000 4.650000 0.242803 0.176182 0.756917 0.318729 140
0.100000 6.000000 4.700000 0.242746 0.176131 0.756795 0.318656 140
0.100000 6.000000 4.750000 0.242876 0.176217 0.756854 0.318773 140
0.100000 6.000000 4.800000 0.242776 0.176064 0.756679 0.318613 140
0.100000 6.000000 4.850000 0.242657 0.175963 0.756818 0.318519 140
0.100000 6.000000 4.900000 0.242609 0.175913 0.756793 0.318464 140
0.100000 6.000000 4.950000 0.242533 0.175812 0.756932 0.318389 140
0.100000 6.000000 5.000000 0.242494 0.175761 0.756811 0.318325 140
