1 14 15 26 443
2 7 11 16 25 28
3 444 2182 2271
48 49 50 51 254 255
70 191 192 193 194 206 207 208 209 210 211 212 643
76 1277 1307 1308 1488 2099 2107
92 952 1149 1426
105 531 616 754
110 396 677 2003 2004
117 1616 1784 2600 2601 2602 2603 2930
124 132 134 847 1976
146 147 428 434 440 572 1042
152 510 578 900 901 999 1013 1097 1099 1100 1101 1141 1160 1982
184 425 427 432 433 434 439 458 696 950 1224 1684
195 237 241 242 2429
235 303 381 451 650
246 247 248 249 251 252 253 2553 2604
250 577 579 996 997 1001 1007 1156 1214
283 481 803 1169 1170 1184 1189 2416
297 593 1033 1155
304 305 306 307 308 310 313 463 554 681
316 637 639 642 689 825 827 903 940 941 1320 1321 1878 2907 2983
371 375 376 380
382 1724 1772 2098 2187 2864
388 389 390 391 392 393 394 395 926 2188 2189 2607
470 491 492 494
472 640 642 690 1321 1878
1090 1169 1184 1185 1187 1189 1191 1215 1328 1447 1663 2028 2416 2425 2622 4258
496 497 905 906 907 908 909 910 987 1261 1959 2154
498 1043 1044 1068 1069 1973 2498
502 597 1127 1128
503 796 1038 1039 1133
505 699 1456 1839 1907 2649 2911 2934 2968 3429
512 513 1093 1098 1100 3006
518 519 717 1061 1148 2488
532 533 1209 1280 1297 1299 1353 1358 2259
546 547 874 1041 1276
561 564 1029 1031
570 772 1895 1896
590 591 592 851 1134 1220
611 738 739 1259 1260 2915
617 618 930 944 945 1454 1875 1908 2423 2828
632 765 1311 1312 1438 1693 1842 2681
670 671 1289 1951
680 682 683 684 757 962
705 709 1341 1491 2576 3213 4219
727 992 994 1006 1210 1435 1464 1471 1910 2286
742 1349 1576 2917 3060 4362
744 2125 2297 2621 3710 4284 4285 4337 4339 4345 4348 4349 4350 4352 4353
802 804 819 1169 1171 1172 1184
828 829 830 1080 2114 2224 2311 2312 2988
840 988 989 1004 1006 1152 1210 1211 1403 1453
849 1055 1306 1373
857 1618 2660 2776 2777 2778 2779 2923 2924
943 1274 1356 1413 1414 1631 1806 2214 3450
957 958 1104 1106 1107 1108 2103 2127 2367
959 961 1608 1609 1689
966 1605 2810 2811 2937
998 1000 1087 1563 2528
1019 1020 1021 3000
1035 1036 1037 2212
1064 1065 1066 1067 1070 1071
1103 1105 2166 2518
1111 1113 1114 1115 1116 1117 1761 2073
1129 1130 1230 1490
1135 1744 1954 2388 3070 3276 3570 3589
1178 1179 2206 2653 3752 3754 3863 4280
841 1420 1421 1425
1525 1526 1527 1939
1568 1569 1570 2057 2142 2504 2505 2507 3011 3769 3890 4117
1614 1903 1905 1906 2354 2502 3339 3340
1801 1802 1803 1804 1805 2360 2403
1929 1931 1932 1933
1962 1965 1966 2066
2078 2201 3277 3278 3279 3921
2419 2420 2724 3608
2471 3729 3808 3928 4314 4315
2679 3172 3173 3192 3193
2826 2837 2979 3212
2939 2982 3136 3137 3138
3101 3102 3108 3109
3857 4058 4059 4060 4061
