0.150000 2.000000 0.050000 0.402027 0.367942 0.651645 0.458510 148
0.150000 2.000000 0.100000 0.402687 0.368517 0.652114 0.459109 148
0.150000 2.000000 0.150000 0.403260 0.369091 0.652430 0.459640 148
0.150000 2.000000 0.200000 0.405626 0.370807 0.654811 0.461810 148
0.150000 2.000000 0.250000 0.405626 0.370807 0.654811 0.461810 148
0.150000 2.000000 0.300000 0.406267 0.370705 0.656078 0.462309 149
0.150000 2.000000 0.350000 0.406171 0.370370 0.656389 0.462206 149
0.150000 2.000000 0.400000 0.407732 0.375000 0.654607 0.464297 149
0.150000 2.000000 0.450000 0.408650 0.376122 0.654796 0.465153 149
0.150000 2.000000 0.500000 0.409880 0.378016 0.653103 0.465997 149
0.150000 2.000000 0.550000 0.409750 0.377679 0.653413 0.465883 149
0.150000 2.000000 0.600000 0.411307 0.379341 0.652888 0.467030 149
0.150000 2.000000 0.650000 0.412644 0.380531 0.653489 0.468168 151
0.150000 2.000000 0.700000 0.413419 0.380035 0.657405 0.469190 151
0.150000 2.000000 0.750000 0.412531 0.378261 0.659324 0.468578 151
0.150000 2.000000 0.800000 0.412850 0.377701 0.667248 0.470337 151
0.150000 2.000000 0.850000 0.410947 0.374893 0.671840 0.469519 152
0.150000 2.000000 0.900000 0.411703 0.374686 0.679801 0.471568 154
0.150000 2.000000 0.950000 0.410341 0.369796 0.690751 0.471494 156
0.150000 2.000000 1.000000 0.406376 0.366029 0.691299 0.468493 158
0.150000 2.000000 1.050000 0.404213 0.362646 0.696492 0.467380 159
0.150000 2.000000 1.100000 0.402717 0.360305 0.702208 0.467067 159
0.150000 2.000000 1.150000 0.400288 0.356664 0.717944 0.467995 160
0.150000 2.000000 1.200000 0.396919 0.350865 0.728209 0.466336 160
0.150000 2.000000 1.250000 0.394030 0.344398 0.727216 0.462116 160
0.150000 2.000000 1.300000 0.388355 0.337610 0.729469 0.457317 160
0.150000 2.000000 1.350000 0.383067 0.332024 0.737354 0.454332 161
0.150000 2.000000 1.400000 0.377256 0.325907 0.739862 0.449739 163
0.150000 2.000000 1.450000 0.369500 0.317705 0.743595 0.443600 163
0.150000 2.000000 1.500000 0.363945 0.314234 0.741014 0.439243 163
0.150000 2.000000 1.550000 0.358663 0.308598 0.743573 0.434979 163
0.150000 2.000000 1.600000 0.355206 0.304124 0.750796 0.432863 164
0.150000 2.000000 1.650000 0.350388 0.296214 0.753852 0.427707 164
0.150000 2.000000 1.700000 0.347446 0.292935 0.747978 0.423821 165
0.150000 2.000000 1.750000 0.345088 0.288901 0.753470 0.421937 166
0.150000 2.000000 1.800000 0.342302 0.286528 0.757524 0.420396 168
0.150000 2.000000 1.850000 0.339454 0.281883 0.763234 0.417993 168
0.150000 2.000000 1.900000 0.336224 0.278166 0.763851 0.414935 169
0.150000 2.000000 1.950000 0.335036 0.277669 0.764817 0.414374 170
0.150000 2.000000 2.000000 0.331414 0.275418 0.723044 0.404119 170
0.150000 2.000000 2.050000 0.329756 0.274050 0.715950 0.401453 170
0.150000 2.000000 2.100000 0.330128 0.271599 0.719087 0.400988 172
0.150000 2.000000 2.150000 0.329051 0.269178 0.719548 0.399442 172
0.150000 2.000000 2.200000 0.328938 0.269402 0.720613 0.399705 173
0.150000 2.000000 2.250000 0.331367 0.269974 0.725989 0.401964 174
0.150000 2.000000 2.300000 0.328567 0.267696 0.726111 0.399721 174
0.150000 2.000000 2.350000 0.329194 0.266892 0.731845 0.400622 175
0.150000 2.000000 2.400000 0.328205 0.263640 0.733233 0.398841 175
0.150000 2.000000 2.450000 0.326372 0.261209 0.733615 0.396938 176
0.150000 2.000000 2.500000 0.324595 0.258958 0.735819 0.395470 177
0.150000 2.000000 2.550000 0.323216 0.256648 0.738468 0.394204 177
0.150000 2.000000 2.600000 0.323161 0.255582 0.741123 0.394106 177
0.150000 2.000000 2.650000 0.321725 0.253660 0.742175 0.392718 177
0.150000 2.000000 2.700000 0.322078 0.253135 0.744461 0.392993 178
0.150000 2.000000 2.750000 0.320570 0.251264 0.745507 0.391593 178
0.150000 2.000000 2.800000 0.318617 0.249421 0.745283 0.389799 178
0.150000 2.000000 2.850000 0.317624 0.248754 0.742008 0.388476 178
0.150000 2.000000 2.900000 0.315647 0.246876 0.740058 0.386351 179
0.150000 2.000000 2.950000 0.313993 0.245581 0.739148 0.384842 180
0.150000 2.000000 3.000000 0.313621 0.244776 0.738735 0.384197 181
0.150000 2.000000 3.050000 0.312212 0.242884 0.739117 0.382696 181
0.150000 2.000000 3.100000 0.312089 0.242815 0.738259 0.382461 181
0.150000 2.000000 3.150000 0.312083 0.242558 0.738930 0.382440 181
0.150000 2.000000 3.200000 0.311268 0.241859 0.737333 0.381464 181
0.150000 2.000000 3.250000 0.311044 0.241606 0.737087 0.381197 181
0.150000 2.000000 3.300000 0.311044 0.241091 0.737778 0.381045 181
0.150000 2.000000 3.350000 0.311168 0.240942 0.737627 0.380991 181
0.150000 2.000000 3.400000 0.310819 0.240561 0.736767 0.380500 182
0.150000 2.000000 3.450000 0.310276 0.239957 0.736980 0.379996 182
0.150000 2.000000 3.500000 0.310191 0.239871 0.737074 0.379932 182
0.150000 2.000000 3.550000 0.310176 0.240057 0.736943 0.380002 183
0.150000 2.000000 3.600000 0.310866 0.240429 0.738274 0.380709 183
0.150000 2.000000 3.650000 0.310778 0.240172 0.738225 0.380528 183
0.150000 2.000000 3.700000 0.310518 0.239772 0.737670 0.380116 184
0.150000 2.000000 3.750000 0.310425 0.239687 0.737764 0.380049 184
0.150000 2.000000 3.800000 0.310429 0.239602 0.737857 0.380022 184
0.150000 2.000000 3.850000 0.310332 0.239432 0.737797 0.379882 184
0.150000 2.000000 3.900000 0.310242 0.239292 0.737876 0.379785 185
0.150000 2.000000 3.950000 0.310242 0.239292 0.737876 0.379785 185
0.150000 2.000000 4.000000 0.309938 0.239038 0.737800 0.379513 185
0.150000 2.000000 4.050000 0.310308 0.239407 0.737700 0.379842 186
0.150000 2.000000 4.100000 0.310467 0.239352 0.738296 0.379980 188
0.150000 2.000000 4.150000 0.310365 0.239268 0.738388 0.379910 188
0.150000 2.000000 4.200000 0.310352 0.239199 0.738572 0.379900 188
0.150000 2.000000 4.250000 0.309955 0.238712 0.738261 0.379427 188
0.150000 2.000000 4.300000 0.309731 0.238378 0.738394 0.379181 188
0.150000 2.000000 4.350000 0.309661 0.238295 0.738369 0.379104 188
0.150000 2.000000 4.400000 0.309619 0.238228 0.737954 0.378980 190
0.150000 2.000000 4.450000 0.309923 0.238328 0.738750 0.379293 191
0.150000 2.000000 4.500000 0.309717 0.237996 0.738327 0.378961 191
0.150000 2.000000 4.550000 0.309717 0.237996 0.738327 0.378961 191
0.150000 2.000000 4.600000 0.309642 0.237748 0.738034 0.378748 191
0.150000 2.000000 4.650000 0.309891 0.238029 0.737645 0.378933 192
0.150000 2.000000 4.700000 0.309891 0.238029 0.737645 0.378933 193
0.150000 2.000000 4.750000 0.309891 0.238029 0.737645 0.378933 193
0.150000 2.000000 4.800000 0.309891 0.238029 0.737645 0.378933 194
0.150000 2.000000 4.850000 0.309891 0.238029 0.737645 0.378933 194
0.150000 2.000000 4.900000 0.309704 0.237864 0.737481 0.378741 194
0.150000 2.000000 4.950000 0.309704 0.237864 0.737481 0.378741 194
0.150000 2.000000 5.000000 0.309704 0.237864 0.737481 0.378741 194
