0.150000 2.000000 0.050000 0.401679 0.367942 0.651930 0.458444 148
0.150000 2.000000 0.100000 0.402339 0.368517 0.652398 0.459044 148
0.150000 2.000000 0.150000 0.402913 0.369091 0.652714 0.459574 148
0.150000 2.000000 0.200000 0.405279 0.370807 0.655094 0.461745 148
0.150000 2.000000 0.250000 0.405279 0.370807 0.655094 0.461745 148
0.150000 2.000000 0.300000 0.405922 0.370705 0.656361 0.462244 149
0.150000 2.000000 0.350000 0.405826 0.370370 0.656671 0.462141 149
0.150000 2.000000 0.400000 0.407389 0.375000 0.654888 0.464233 149
0.150000 2.000000 0.450000 0.408307 0.376122 0.655077 0.465089 149
0.150000 2.000000 0.500000 0.409538 0.378016 0.653383 0.465934 149
0.150000 2.000000 0.550000 0.409409 0.377679 0.653692 0.465820 149
0.150000 2.000000 0.600000 0.410967 0.379341 0.653166 0.466967 149
0.150000 2.000000 0.650000 0.412306 0.380531 0.653766 0.468106 151
0.150000 2.000000 0.700000 0.413085 0.380035 0.657678 0.469129 151
0.150000 2.000000 0.750000 0.412198 0.378261 0.659596 0.468517 151
0.150000 2.000000 0.800000 0.412519 0.377701 0.667518 0.470275 151
0.150000 2.000000 0.850000 0.410620 0.374893 0.672107 0.469457 152
0.150000 2.000000 0.900000 0.411357 0.374686 0.680041 0.471491 154
0.150000 2.000000 0.950000 0.410003 0.369796 0.690984 0.471418 156
0.150000 2.000000 1.000000 0.406034 0.366029 0.691515 0.468410 158
0.150000 2.000000 1.050000 0.403866 0.362646 0.696691 0.467290 159
0.150000 2.000000 1.100000 0.402375 0.360305 0.702401 0.466977 159
0.150000 2.000000 1.150000 0.399832 0.356664 0.717977 0.467824 160
0.150000 2.000000 1.200000 0.396199 0.350865 0.726906 0.465776 160
0.150000 2.000000 1.250000 0.393327 0.344398 0.725953 0.461574 160
0.150000 2.000000 1.300000 0.387622 0.337610 0.727947 0.456711 160
0.150000 2.000000 1.350000 0.382319 0.332024 0.735812 0.453719 161
0.150000 2.000000 1.400000 0.376517 0.325907 0.738350 0.449138 163
0.150000 2.000000 1.450000 0.368765 0.317705 0.742106 0.443010 163
0.150000 2.000000 1.500000 0.363216 0.314234 0.739489 0.438648 163
0.150000 2.000000 1.550000 0.357949 0.308598 0.742051 0.434393 163
0.150000 2.000000 1.600000 0.354505 0.304124 0.749235 0.432278 164
0.150000 2.000000 1.650000 0.349729 0.296214 0.752177 0.427123 164
0.150000 2.000000 1.700000 0.346794 0.292935 0.746304 0.423239 165
0.150000 2.000000 1.750000 0.344427 0.288901 0.751492 0.421299 166
0.150000 2.000000 1.800000 0.341612 0.286528 0.755457 0.419730 168
0.150000 2.000000 1.850000 0.338772 0.281883 0.761196 0.417341 168
0.150000 2.000000 1.900000 0.335548 0.278166 0.761832 0.414291 169
0.150000 2.000000 1.950000 0.334315 0.277669 0.762707 0.413695 170
0.150000 2.000000 2.000000 0.330658 0.275418 0.720834 0.403400 170
0.150000 2.000000 2.050000 0.328984 0.274050 0.713709 0.400721 170
0.150000 2.000000 2.100000 0.329263 0.271599 0.716437 0.400144 172
0.150000 2.000000 2.150000 0.328193 0.269178 0.716906 0.398606 172
0.150000 2.000000 2.200000 0.328060 0.269402 0.717948 0.398856 173
0.150000 2.000000 2.250000 0.330420 0.269974 0.722905 0.401011 174
0.150000 2.000000 2.300000 0.327645 0.267696 0.723036 0.398782 174
0.150000 2.000000 2.350000 0.328286 0.266892 0.728818 0.399701 175
0.150000 2.000000 2.400000 0.327321 0.263640 0.730192 0.397931 175
0.150000 2.000000 2.450000 0.325496 0.261209 0.730610 0.396041 176
0.150000 2.000000 2.500000 0.323731 0.258958 0.732787 0.394576 177
0.150000 2.000000 2.550000 0.322362 0.256648 0.735467 0.393322 177
0.150000 2.000000 2.600000 0.322316 0.255582 0.738154 0.393236 177
0.150000 2.000000 2.650000 0.320885 0.253660 0.739228 0.391856 177
0.150000 2.000000 2.700000 0.321215 0.253135 0.741369 0.392097 178
0.150000 2.000000 2.750000 0.319836 0.251264 0.743716 0.390980 178
0.150000 2.000000 2.800000 0.317889 0.249421 0.743505 0.389192 178
0.150000 2.000000 2.850000 0.316901 0.248754 0.740243 0.387873 178
0.150000 2.000000 2.900000 0.314932 0.246876 0.738315 0.385756 179
0.150000 2.000000 2.950000 0.313282 0.245581 0.737415 0.384250 180
0.150000 2.000000 3.000000 0.312916 0.244776 0.737016 0.383611 181
0.150000 2.000000 3.050000 0.311513 0.242884 0.737414 0.382116 181
0.150000 2.000000 3.100000 0.311392 0.242815 0.736562 0.381883 181
0.150000 2.000000 3.150000 0.311389 0.242558 0.737237 0.381864 181
0.150000 2.000000 3.200000 0.310576 0.241859 0.735647 0.380890 181
0.150000 2.000000 3.250000 0.310354 0.241606 0.735405 0.380625 181
0.150000 2.000000 3.300000 0.310356 0.241091 0.736103 0.380475 181
0.150000 2.000000 3.350000 0.310454 0.240942 0.735826 0.380389 181
0.150000 2.000000 3.400000 0.310118 0.240561 0.734860 0.379885 182
0.150000 2.000000 3.450000 0.309577 0.239957 0.735077 0.379383 182
0.150000 2.000000 3.500000 0.309492 0.239871 0.735172 0.379320 182
0.150000 2.000000 3.550000 0.309474 0.240057 0.735041 0.379388 183
0.150000 2.000000 3.600000 0.310166 0.240429 0.736375 0.380096 183
0.150000 2.000000 3.650000 0.310078 0.240172 0.736327 0.379916 183
0.150000 2.000000 3.700000 0.309821 0.239772 0.735782 0.379507 184
0.150000 2.000000 3.750000 0.309729 0.239687 0.735876 0.379441 184
0.150000 2.000000 3.800000 0.309733 0.239602 0.735970 0.379413 184
0.150000 2.000000 3.850000 0.309637 0.239432 0.735911 0.379274 184
0.150000 2.000000 3.900000 0.309554 0.239292 0.735938 0.379171 185
0.150000 2.000000 3.950000 0.309554 0.239292 0.735938 0.379171 185
0.150000 2.000000 4.000000 0.309250 0.239038 0.735864 0.378900 185
0.150000 2.000000 4.050000 0.309621 0.239407 0.735766 0.379229 186
0.150000 2.000000 4.100000 0.309787 0.239352 0.736310 0.379362 188
0.150000 2.000000 4.150000 0.309685 0.239268 0.736403 0.379292 188
0.150000 2.000000 4.200000 0.309673 0.239199 0.736590 0.379283 188
0.150000 2.000000 4.250000 0.309279 0.238712 0.736287 0.378812 188
0.150000 2.000000 4.300000 0.309055 0.238378 0.736422 0.378567 188
0.150000 2.000000 4.350000 0.308985 0.238295 0.736398 0.378491 188
0.150000 2.000000 4.400000 0.308945 0.238228 0.735986 0.378368 190
0.150000 2.000000 4.450000 0.309249 0.238328 0.736784 0.378682 191
0.150000 2.000000 4.500000 0.309045 0.237996 0.736364 0.378351 191
0.150000 2.000000 4.550000 0.309045 0.237996 0.736364 0.378351 191
0.150000 2.000000 4.600000 0.308970 0.237748 0.736073 0.378139 191
0.150000 2.000000 4.650000 0.309220 0.238029 0.735688 0.378324 192
0.150000 2.000000 4.700000 0.309220 0.238029 0.735688 0.378324 193
0.150000 2.000000 4.750000 0.309220 0.238029 0.735688 0.378324 193
0.150000 2.000000 4.800000 0.309220 0.238029 0.735688 0.378324 194
0.150000 2.000000 4.850000 0.309220 0.238029 0.735688 0.378324 194
0.150000 2.000000 4.900000 0.309034 0.237864 0.735524 0.378132 194
0.150000 2.000000 4.950000 0.309034 0.237864 0.735524 0.378132 194
0.150000 2.000000 5.000000 0.309034 0.237864 0.735524 0.378132 194
