1179 517 3752 3754 1178 2206 2653 3863 4280 3774
1803 1801 1802 2403 2398 1805 3045 1804 2546 2360 2345 2399
1179 344 1262 1801 1990 517 1991
1179 1801 1991 1178 1262 2206 3486
2187 1724 382 1290 1772 4061 4059 4060 4058 3857 1431
1060 485 621 1462 845 956 725 4279 703 1440 952 949 3966 2466 732 622 1165 486 954 2841 518 1148 2748 717 692
4009 746 745 2793 295 2754
3465 68 3862
3214 3177 3215 2734 1203
2636 2637 282 280 3835 3022
3857 254 49 869 1173 1017 549 65 255 2079 977 2055 51 1403 1402 50 294
2878 3006 1093 2997 1102 900 1100 1101 1098 984 1099
222 224 227 225 223 666 867 1480 1949 216
2023 2022 2024 3522 1009 2018 2025 1222 2803 1744 2019 3574 1521 1954
2591 1400 2157 1279 2132 1074
2591 1415 1188 2622 1189 2028 2514 1663 1184 1033 1215 3288 1698 2425 481 2416 1354
829 3335 830 2224 2988 828
1930 1897 1933 1931 1929 544 540 1934 1932
3410 986 151 65 2079 848
1054 1013 510 1005 1142 2099 1073 999 1488 1214 901 1001 1100 1101 152 993
2649 703 1908 2930 1195 2646 505 954 1342 699 1456 2554 1839 930 944 945 845 2748 1616
2605 99 1057 1059 61 1018
3251 2937 2916 1432 2584
3366 613 690 472
869 49 3857 1403 1402
203 37 784 526 448 458 184 650 434 426 38 649 1198 381
2023 3276 2022 1222 1135 2803 1744 1954 3589 2388
54 1828 480 610 29 1181 109 479 221 556 620 823 1438 1323 592 216
26 11 31 15 14 1 174 443 178 7 25 10 3536
2200 2727 1279 2099 1307 1123 76 660 1122 1308
703 944 710 1462 1908 952 2930 678 1195 945 954 2841 518 1148 845 2748 725 1616 1839 930 1426 617 694 949 2828 732 1784 929 1342 1875 692
2458 1003 1264 2222 1265 1002
863 1276 89 773
1005 43 990 1211 992 994 1453 993 991 579 511 1152 988 1004 1210 1006
518 2638 734 1167 519
2081 984 40 965 1125 645 540 914 913 1119
1647 1649 1651 1650 1788 931
306 309 602 241 902 313 612 464 307 214 554 304 1728 603
222 26 14 1 178 27 8 11 176 15 7 25 10
1606 2028 1090 1185 1189 222 1447 1187 1184 1170 1215 1585 819 1698 1169 2027 2425 2622 481 2416 2450 802 228
3403 3402 2143 3100
203 664 754 64 1590 89 523 1458 47 2217 123 663 469
54 43 29 69 30 493 556 823 47 663 1527 1287 109
1350 1001 1011 1009 1280
385 37 386 382 1469 383
1035 469 603 2086 672 591 3344 590 1134 595
1836 62 1837
3509 2406 3508 2859 3511 2573 3510 132 2091 153 2255 2808
4214 389 924 2189
1312 2681 765 1693 632 623 823 1842 1438 2821 1369 2594 1368 2699 1311
908 1045 910 987 906 626 1003 905 907 1264
31 14 3506 174 2266 178 10 179 26 2269 177 34 272 7 25 355 32 27
1009 1001 1350 1957 1298 2196 577 1011 1230 1129
2028 1090 181 1170 1228 803 1185 819 1698 1188 1169 1189 481 2416 802 836 1191 1447 1184 1171 2425
396 2055 570 451 1895 303
641 1060 469 944 1462 603 591 1148 2748 717 1616 703 952 949 1195 2841 518 845 692
1731 1732 1730
3572 3573 3048 964
1848 735 734 504 1849 502 1873 1128 442 467 597 1127
466 1038 504 540 288 796 503 1897 570
2228 245 372 2302 356 368 376 3515 377 379 364 380 2300 371 170 244 2304 373 2303 375 365 1176 358 346 2301
1628 1017 876 1865 47 1629
3533 794 562 965 2564 564 848
537 542 477 540 721 720 984 862 227
537 159 645 227 260 1899 1335
568 772 570 703 398 549 71 36 1342 569 773 692 525 1896 1895 101 607
2852 3091 2824 1400 1675 30 2693 3048
1851 526 1850 982 1470
664 492 43 495 491 1594 69 508 1347 470 493 47 494 663
662 1123 156 1893 1119 984 1121 1120
450 1686 37 1462 460
1422 1314 1423 1950
2825 2113 1145 2114 1146
640 690 827 1320 689 2983 825 1878 903 637 642 524 638 692 1321 735 940 639 316 679
3447 500 2053 735 2636 1821 3567 456 1203 3795 692
2066 2133 1157 938 904
2998 2498 498 1973 1043 1068 1079 1044 1069 3670
2998 3045 1852 2594 413 1044
1543 1228 280 1540 1447 1152 548 379 803 819 543
1767 241 902 771 603 214 600 554 306 309 602 307
1767 850 1216 594 1493 241 806 551 657 2685 453
2232 940 903 1321 78 640 690 703 827 2983 825 637 642 524 472 941
2576 2431 705 1462 1309 1341 1714 4219 951 221 1491 3213 692 658 703 709
2737 1402 1212 752
2998 3670 3752 2143 3753 517 2338 2655 2206
2530 791 145 570 1898 464 2055 2330 2284 649
579 43 577 1214 901 1001 1156 578 996 1013 510 152 993 511 1007 1213
1060 703 1440 2431 944 953 952 1195 71 945 1342 2841 518 725 717 692 607 469 1426 1462 617 949 732 2555 954 1148 845 1616
3974 2735 2594 1194 1368 979
2833 1273 260 89 787 775 943 2573 1845 1413
1705 1293 103 1028 91
106 74 1458 1509 663 616 47
2634 480 603 600 703 469 602 2418 107 300
2201 3279 3277 3278 2078 2555 3921
2148 2251 89
37 255 977 254 1403 1402 49 50 294 1173 48
1328 1191 2028 1090 1663 1184 1170 1171 803 1185 1188 1169 2425 482 2622 1189 481 2416 802 1187 819 1698
4016 4018 4017
207 703 469 209 476 210 212 211 643 601 208 206 192 70 191 194 193
1510 43 2839 29 1464 1435 30 1210
1060 703 1426 1462 617 952 949 678 732 1195 71 954 2841 518 1148 845 2748 717 1616 692 1839 607 944 694 1784 945 519 1342 725
26 6 1 2266 178
1014 838 837 523 856 147 437
597 734 1127 1849 2685 502 1873 657 1128
477 1370 1371 1956
985 1591 738 3512 2404
3729 3928 1215 3808 4314 4315 2471
965 260 89 72 582 1612 128 159 1502 964 139
727 840 1464 1910 1006 1471 43 990 1152 988 992 1210 2286 995 30 805
1774 3975 3977 3976
2865 3691 2866
3301 3302 1357 477
4232 45 1377
772 570 703 735 1462 520 1894 549 71 471 1016 954 565 1896 979 692 607 690 791 504 608 1895
3873 3169 3872 3170
1318 1715 1170 803 819 1169 1189 481 285 802 2028 1090 1447 1188 482 2416 836
2917 1349 1576 742 3060 743 4362 1255 1369
2481 2482 2483
517 676 516 2998 1915
411 14 3506 174 1790 178 10
1451 199 609 785 202 203 528 37 201 883 200 1203 715
965 1339 584 72 582 139 580 1502 964 233 2578 1612 2593 2385 2598
1383 1941 1266 2717 2449 148 1136 1382
516 3678 3602 4363 3677 2453 4292
1303 718 148 2265 2506 730 1681 540 3195 2976 3011
2355 2357 2358 1997 837 2529
813 275 441 2172 2298 273
3551 1426 678 3552 1462 617 2930 949 1784 1195 71 1188 945 954 518 979 1839
1746 1970 938 1159
2802 2152 1708 2221 201 1635 1221 3570 1122
817 818 1383 4217 4218
570 690 703 469 1462 949 71 471 954 679 3367 658 2748 717 692
232 522 2668 1673 1416 1158 904
890 838 891 783 782
3079 2140 2691 1713 2207 2692
2097 2884 3013 149
3517 4310 3363
1558 952 1557 92 954 1937 1688 617 949 519 518 1454
66 3512 2490 2489 4174 2708 812 4173 886
2740 2742 2741 2739
1027 441 2281 2061 2280 2524 419
546 874 439 652 549 1041 111 1305 426 547 119 848 188 545
1371 2596 934 932 477 716 1225 226
492 2249 2248 493 823 494 1347
2198 2881 2329 2424 2541
2790 1516 2969
1060 930 703 469 944 952 71 945 954 679 518 1148 717 692 1426 1462 617 949 732 1195 1342 2841 845 726 725 1616 607
703 944 710 1426 617 952 1195 71 945 954 1342 2841 518 2748 1616 692 1839 1060 930 469 618 1462 1908 2930 694 949 678 732 1784 845 1875 725 717 607
772 570 735 791 504 520 1894 549 71 608 1016 565 1896 1895 1897 692 607 954 472
1065 1067 1066 1064 1071 1044 1070 2261
1627 61 73 89 1287 30 1330 123 663
113 151 1911 3410 102 979 1374 123 3413
1989 1987 157 984 1988
953 1149 1688 952 92 3360 732 1784 1195 954 717 1616 2931 703 1462 617 2930 949 71 519 2841 518 607
1301 1949 222 3343 232 523 226
1734 833 520 1016
4113 3342 4165 4211 4164
308 602 603 304 310 1767 306 307 2841
469 850 1216 844 1415 851 620 1134 1220 667 1161
3019 1049 37 1050 3618 784 697 861 694 1996 1993 1994 836
3019 119 467 791 848
783 703 838 549 979 1374 1030 692 570 1363 1895
570 381 37 448 145 36 2055 1463 1895 605 784 101
942 784 230 92 518 949 460 945 519 717 701 1616
3083 786 1203 203 381 861 481 1021
229 40 228 2066 884 2054 932 1969 1577 540 3685 1347 4253 1185 282 995 2273 272 1964 27 216
861 2144 2180 2615 2614 1436 728 1441 938 2065 1677
517 334 1178 1179 2998 3752 2206 922 1236
2573 1845 1273 89 787 775 943 1502
837 141 1014 783 147 572 437 1369
1102 645 958 215 957 1106
1797 477 58 984 540
1142 1097 1102 3006 1160 999 1100 1101 1141 510 1093 152 1099 812 1013 1098
788 549 631 1504 979 735 520 833 2751 41 1016 1030
646 476 206 471 205 207 703 469 850 634 643 601 3010 192 626 692 216
1312 2681 1368 623 823 1842 2821 1369 208 632 139 1438 1311
444 443 3 1821 1 170 178 3000 2182 1020
1090 1447 2925 548 1228 803 693 836 1169 481
1164 1978 184 48
222 224 1853 223 1947 666 1480 1949 624 3343 225 1256 1481 623 867 27
1828 480 902 1323 471 301 300 658 302 221
1828 555 480 610 475 109 1323 479 221 556 620 591 216 54 1181 1434 592
1384 3270 1382 1383
2157 2744 158 3353 2205 2775
1645 924 1780
2802 3276 1135 3589 3038 2388 3570 1744 1953 1954 1222
2859 1033 297 593 1155 2680 2169
1661 1708 1908 692 1839 1407 1342
1661 655 647 2455 3776 3777
570 110 2004 685 2055 1895 396 504 1894 677 2003
738 1088 1260 611 2915 1862 739 2208
1005 935 1028 1086 1293 932 1225 1295 648
776 775 1588 2812 854 1391 1024 1806
3192 2679 3172 3173 3193
1150 952 1557 779 960 2503 2575 778 835 518 2748
895 897 896 3482 3483
744 2297 867 4339 4350 4284 4285 4348 4349 4337 4352 4351
2806 2807 4196 2723 2840 1997
433 967 440 439 427 184 438 432 435 425 523 434 426 431 1255 428 37
570 887 838 71 979 569 194 568 782 398 549 607
1055 1255 647 438 956
43 491 73 29 69 470 30 493 47 494 663 39 492 1594 1527
43 1211 2717 1152 840 988 992 1464 1210 995 30 737 1403 805 1006 989 2286 1453
3519 1213 1001 579 1007 247 3523 577 1214 901 1156 996 1010 1074 510
1618 767 1865 1458 663 203 645 754 73 3010 531 616 951 47
3330 2999 1372 1017 163
1194 663 106 965 523
2933 1462 694 678 946 1195 505 954 726 1616 1061 952 518 1148 1839
3040 519 469 2488
2372 2385 667 1339 2904 799 582
448 1199 1932 1897 1933 1931 1929 1749 549
1624 548 1201 1566 38
237 241 902 771 195 2429 300 196 464 242
542 1432 721 558 589 588
3071 1584 2161
613 504 448 1896 1895 773 183 1898 796 549 563 101 1897 649
1223 1684 1198 37 1364 526 458 184 1062 438 1255 649
570 2004 833 277 2055 677 1895 2003 110 2005 1894
3962 3505 270 174
1139 1138 1490 1232 1130 1001 1233 1129 1230
1852 3507 178 267 27
3139 2006 103 932 1670 1468 626 2325 648
3139 1421 930 1167 3329 699 711 1616
2151 2150 1222 2152
203 381 37 784 448 145 184 2984 2055 38 605 570 451 458 650 1042
215 902 562 463 213 514
3634 3633 2076 3635
329 317 336 330
2867 2191 1003 3571 799
2997 1956 513 1093 510
774 549 71 101 426 568 570 791 608 1895 569 773 607
1708 3056 1812 1112 1111 143 1114 2074
3376 2887 2702
3308 3309 3307
2939 3137 2982 3138 123 3136 168 2863
3600 2518 1109 1105 2166 1108 1103
3679 1812 2073 1113 1112 1761 1111 1114 1116 1487 1115
2210 111 570 652 119
2052 1180 1576 2054 540 822 421 1713 349
1517 585 2751 1283
690 703 80 1061 79 603 1195 640 1059 3583 1462 480 471 2841 3367 717 1616
3027 2758 2012 1351 2869 973
619 531 1865 631 878 754 41 616 629
1817 1303 60 1302 1528 807 75
879 2086 806 551 1493 552
1766 491 1356 2214 69 1347 775 943 494 1631 2803 1414 493 1806
4011 2557 3766
1604 2599 588
37 861 885 1198 784 526 386 398 2908 848
1250 150 540 1464 2421
2509 766 2922 795
2018 2019 2020 2023 2022
3474 1145 1262 673 3805 1805 3045
1669 2769 1329 493 1806 1505 3295 1356 69 2792 775 2826 943
172 31 2266 27 2269 14
4327 2314 1643 1642
1798 2396 1419 661
965 64 1181 89 60 40 47 964 1458 663
4163 3625 4161 4162 822 1585 21 20
1348 2404 3289 985 2405 4164
2766 1017 2744 1336 1335 2205 2218
536 542 1992 227 1494 540 984 1656
1969 1157 938 1964 2133 2066 1822 1968 228 2067 2075
1333 710 951 954 711 930 944 1425 705 617 2930 694 501 1714 732 71 2841 679 845 1421 524 726 1334 725 1616 1839
2716 1590 108 664 965 64
3985 2986 3133
2298 2299 871 245 350 867 441
292 289 833 115 291 290 293
983 180 2438 9
468 1284 1283 493 823 29 1347
1347 470 775 1419 492 491 1285 493 494
1864 508 1225 1989 634
2202 426 1042 203 37 1304 201 184 854 823 1255
3108 3195 3102 3109 3101 3288 3312 2590
2985 848 649 877 874 427 398 184 549 1041 525 564 561 1198
3151 3152 1358
3539 3757 3513 376 245
3550 1673 1393
1212 1280 532 2196 1008 752 577 533 1001 1156 1358 996 1010 1402 1209
203 548 1960 471 713 1623 1556 523
67 3847 1279 3183 1004
203 146 37 147 838 184 523 572 1042 1255 64
3926 3087 3171
772 570 1898 782 838 549 979 773 1030 783 398 563 525 1896 1895 649
3098 4134 3718 3717
4152 2578 2593 965 2577 72 139 144 1691 3418 1502
528 199 147 439 823 1042 202 37 526 572 609
1307 1899 1217 737 1361 1339 1138 1123 2449 139
54 1828 1267 476 480 3010 475 109 603 620 591 107 469 643
965 2573 89 787 60 1504 1502 964
103 1712 932 647 1947 1293 1086 1295 648
930 703 944 1426 1462 617 949 678 732 1784 1195 71 945 954 2841 518 845 1875 1616 1839 952 929 1148 2748 717 692
356 376 379 2228 3539 245 358 377 364 380 2300 371 370 373 2303 375 365 346
484 52 1152 840 30 56 2551 39 3380 57 988 992 42 1403 3048
703 469 1668 647 626 932 206 205 620 648
1668 201 97 2802 2647 198 3776 1106 3777
3295 2792 1806 3296 1669 775 493
469 850 602 241 599 603 591 600 3246 641 601
542 227 477 540 721 984 588 537 536 669 589 720
490 1461 1584 489 1975 2180
182 2269 7 26 31 380 3539 371 2266 10
766 765 2594 823 2113 632 2821 1369
1436 861 1437 2021 885 1975
1638 1710 1640 2892 922
469 1017 37 61 64 89 99 1018 47
1799 1623 4249 3183
2604 1279 1007 247 1138 250 248 577 1214 901 1001 1156 996 1297 532 1213 1233
1060 703 953 617 952 694 1195 71 1342 518 1454 1616 607 944 618 1426 1462 949 678 92 945 893 954 2841 1148 726 717
393 389 388 394 395 2607 391 390 392 2188 2189
4231 4230 1003 1317 1264
125 791 678 71 2152 570 381 944 1462 949 732 685 945 954 885 111 2330 1559 1897
1304 97 1225 1829 1831 526 634 1459 421 1293 226 624
43 1097 1102 999 1100 1101 1141 1013 1098 152 1099 3006 1160 812 901 578 510 1093 1982
924 393 2314 1642 925
2810 2937 2916 966 1605 2811 854
1050 861 548 386 865 456 1995 1993 1203 836
2936 3200 3201 2935
1876 1849 3579 467 1848 735 791 479 1571
1898 427 741 649 201 398 184 436 523
2023 2025 2024 2022 2803
1705 1468 1668 103 1947 1657 624
2604 247 577 1156 996 2762 579 1279 1007 1138 248 1213 901 1001 2706 1297
1060 703 1149 1426 1462 952 949 92 732 1784 519 893 954 2841 518 1148 845 717 1616 692 607 1195 71 725
3318 892 3360 894
587 168 2982 167 123 2939 1364 1459 3137
674 673 517 1991
809 37 448 451 145 1889 2055 1463 315 38 605
1019 1879 2947 1021 1020
247 250 248 246 251 252 2553 249 1001 1297 253
2121 610 1181 1458 541 663 1828 643 556
230 626 1225 1562 1551 1222 935 1561 1293 216
809 810 1771 628
103 935 932 1028 1704 1086 1225 1293 1295 648
3721 1897 723 466 772 570 4294 4293 791 504 3686 398 1586 1896 1895
635 645 634 221 3986 633 663 477 636
1059 61 99 812 1057 1018 1017 2257 89
39 73 30 55 964 43 52 1287 2215 139 1504 56 47 1525 44
1042 514 146 572 428
3491 464 565 568 772 570 566 902 549 1896 3694 567 607
3608 96 2419 833 2420 2725 2724 820 33 407
1279 2259 577 996 1299 1397 247 1138 250 901 1001 1156 1297 2762
573 688 253 247 1498 250 687 1499
368 245 378 2228 2303 358
3067 852 853 960 1147 2931 1150 1151 518 3885
469 507 217 603 2418 703 480 553 41 1865 600 595 216
203 965 884 548 627 1524 954 609
4234 1195 4233
1939 1527 1940 30 43 1526 1525
2484 1462 949 732 954 2841 962 1060 710 621 1149 1059 1426 952 694 678 1714 1784 1195 71 951 519 832 1165 893 518 1148 845 524 2748 3367 725 1854 717
199 201 198 200 1995 197 609 1203 715 202
2497 1452 1082 2233
664 2359 2217 203 469 64 1590 523 1458 1330 529 979 123 3135 663
2360 2403 1805 3045 1802 2546 1262 2398
2725 33 3608 2419 2420
1635 916 1221 2152 2802 2606
2660 2924 2778 2779 2776 2923 2777 1618 857 767
1007 1138 250 577 533 1001 1156 996 1209 1280 532 247 248 1214 1281 1297
2521 1016 692 772 570 2431 735 1426 784 1894 952 549 89 903 471 1896 1895
965 2513 89 2573 1222 1462 2941 260 230 1590 627 1317 1181 807 582 60 1524 1612 144 1475 1335 1458 1439 159 1502 663 658 964
2515 2514 987 1211 988 1004 995 989
4357 3736 3737 3654 1568
3038 2388 2389 1953 2639 1954 2802
1552 1550 1310 1553 1549 1551
469 105 754 531 41 616 1865 631 1458 47 692 663 203 620
2727 1279 1400 1139 1397 1232 1001 1074 1138
1881 1028 1086 1855
222 3343 232 1256 223 666 1480 1949 624 224 227 1947 27
908 910 987 496 906 1003 1261 905 907 1045 2154 909 497 1959
1142 4288 1160 1097 1102 2026 3679 1141 510 152
1412 1413 775 943 2573 1273 1356 1329 1414 1806
1807 1134 1578 592 851 1808
1528 60 139 144 159 964 965 2843 89 72 1691
1229 288 1228 804 802 1190 181 856 819 1169 1758 543
1060 1149 1426 1462 952 694 949 678 92 1784 1195 71 519 954 2841 518 1148 845 717 1839 607 703 944 617 732 945 1616 692
2049 2270 26 1821 1019 443 267 27 1020
812 3285 484 1736 1363 2816 811 2594 581 823 1863
1440 621 2594 632 1368 623 823 1842 2681 854 1369
2884 2507 2265 149 2506
2659 876 2208 1629 660
1831 1225 932 97
757 921 1267 3880 501 1207 717
952 1557 779 778 2748 835 3470 1150 2503
965 2573 3016 89 1315 60 159
1005 1125 1073 1123 1075 984 510 2208 993
735 549 1896 1895 500 2053 692 772 570 703 504 520 1894 608 1016 1342 472 1897
295 2754 1304 746 745
2049 1700 2335 1290
2548 3570 2802 916 2149
203 105 754 531 41 1865 1458 40 47 123 663 616 30 140
540 721 669 589 588 542 227 862
1115 1708 201 2152 1225 1122 1487 2802
3317 549 1041 203 1898 546 874 448 398 883 436 1411 3143 119 848 649
1303 2926 540 718 536 3086 148 1496 1382
1029 1304 1031 563 426 773 1030 561 564
944 1149 1426 1462 952 2930 949 92 3360 1195 3041 2601 954 699 1839 617 1894 694 678 1784 71 945 519 2841 518 1616 607
2279 696 695 950 1684
1102 900 999 578 152 579 43 1097 812 901 1100 1101 1141 1013 510 1093 1099 1982
1047 1462 949 1165 954 524 1060 621 71 928 832 893 2841 518 845 2748 1839
1005 579 1073 1214 901 1001 996 1013 1074 510 993 1007 1213 577 1156 152
756 530 541 1181 30
1045 1211 1152 2154 987 988 995 1003 989 2514 103 840 1004 30 737 1453 1006
820 174 2269 270 3506 10 836
930 1084 1908 1195 1225 945 1839 703 944 1320 710 1426 1061 617 1894 2828 1601 929 2152 954 1342 699 1875 2748 2554 701 1616
2200 2727 3204 2975 1025 133
2686 1693 2594 632 812 2812 2699 623 854 823 1126 2821 1369
930 1425 710 1908 954 1421 711 726 725 1616 1420 841 1839
3590 3591 2920
484 1139 1363 840 1232 30 1403 805 988 737 56
484 838 1309 1895 1403 692 1363
3531 3529 1074
1186 90 1767 3411
3816 3817 3815
282 3836 2636 3336 2637
1282 309 826 241 195 300 902 771
1857 3986 635 636
1781 144 2767 964
2727 1197 1196 1123
621 2694 520 2431 622 954 1791 1943 1504 845 524
1137 3350 2891 3349 4260 661
1306 1304 956 426 1198 469 37 526 1031 438 545 773 1255
1828 703 476 480 643 475 603 471 221 620 216 658 469 1462
2783 2038 2404 2039
43 1097 135 999 812 1101 1098 510 152 1099 1102 901 1141 1013 1982
884 2745 3866
2099 1307 1123 1308 1225 1122 510 76 1488 660 1361
812 582 1166 1383 1017 3283 1167 2423 1309 89 732 128 1057 581 112 658
43 990 1211 1494 987 988 1004 995 1453 991 989 2514 1152 840 1210 994 1006
1828 469 1320 809 1286 620 823
1736 2594 2257 812 3285 979
1139 1138 1232 1001 1230 1074 1279 1400 1281 1129
222 227 223 1481 968 666 867 713
37 1167 526 48 883 775 1198
3464 2356 2143
1205 1207 684 79 1208 951 78
566 71 608 565 567 607 568 570 690 930 520 549 464
2397 767 137 552
54 2572 42 2212
4125 4287 4124 4126
570 703 3583 1061 949 3360 1195 954 1148 1854 717 1060 1059 1426 1462 952 678 471 3359 945 519 1342 2841 845 3367 1616 692 607
1090 1447 803 1185 819 1698 1169 482 481 824 1328 1191 2028 1170 1215 1188 2425 2622 2416 802
1710 2822 2814 2815 1711 1721
382 400 277 387 315 455
469 476 553 603 205 1828 1767 684 703 1267 850 212 643 601 3010 2503 206 192 41 620 692
2437 3324 3569 2436
2501 789 2500
3451 1821 786 861 1778 214 2726 1021
1426 151 1188 1911 2027 954 979 1149 952 678 1195 519 1089
965 1339 233 582 139 2385 2598 1691 964 2717 584 1899 144
1681 2976 2265 2804 2506 2142 148
1168 624 1948 1406 1480
838 427 549 425 523 437 434 426 433 967 782 1056 439 436 428
3471 3560 1072
2727 2293 133 2975
772 570 690 520 549 471 608 954 845 1896 1895 692 703 735 1462 1894 3359 1016 565 446 607
1362 1889 385 315 888
1489 69 1530 3564 30 2824 47
3072 1393 2068
134 124 847 132 1001 1976
3433 2706 1379 1400 3622 3527 1138
1059 1770 2256 2257 1057
203 201 883 200 609 715 649 202 1898 884 199 549 1686
1611 612 1520 1322 1514 1610
1195 1741 954 690 930 703 2933 944 1600 618 710 1149 1059 1426 3583 1462 3157 1688 617 694 949 502 678 2828 1204 946 1556 3360 732 1872 1784 471 928 1188 2152 2027 945 519 1598 832 518 699 1148 845 1896 1875 2748 894 1454 948 1089 1616 1839 607
2689 2570 2248 2728 1347 2813
1149 3351 952 732 519 518 1426 1462 1688 949 92 1784 1195 1188 954 2841 1148 717
784 1143 1050 844 1144 866 1180 1203 1854 3618 836
295 2054 1577 918 1053 1830 748
3867 2389 2720 3990
597 1127 502 1128 1848 734 2287 1849 2685 1873 598 666 2748 442 3712 78 657
61 1614 2354 1903 1906 1430 1521 1905 2502 1904 3339
2736 3086 2910 2928 3592
504 769 770 902 464
2412 3479 3226
1535 532 1138 1358 1209
635 645 3986 636 1857 215 634 221 663
772 735 520 62 833 471 1016 290 570 1895 472 692
695 694 950 696 1684 37 2279 1771 935 946 693
2868 15 1 8 96 26 11 176 14 443 170 178 10
3139 1167 3329 946 1421
1279 227 2132 666 968
2341 1805 2400 1802 3798 2399
215 599 502 603 301 514
393 925 391 924 926 389 388 394 2032 395 2607 390 392 2188 2189 2314
504 1928 1897 1933 467 466 570 613 1038 791 1252 1929 544 288 796 549 545 503 1016 1340 1896 1895 1854 723
1190 181 819 1188 1169 2027 280 804 802 2028 1090 856 286 1228 803 2416 285 836
3592 2910 2736 3086 670
3346 3013 149 2884
1038 1252 540 724 503 1133 1897 1039
1330 123 3015 1606 664 1027 305 619 105 483 3197 61 2718 1494 861 64 73 3417 168 1584 89 1537 821 531 3267 72 2696 1566 2585 139 3418 140 2217
1572 2423 2828 2600 1784 1195 945 893 1454 617 952 92 929 954 518
3139 103 932 1704 647 1086 1293 1295 648 1407
3299 2761 3298
736 1363 2578 965 484 737
1077 2223 2224 1078 488 1072 1079 1080 2988 1044
1962 548 1960 1963 713 203 67 1961 1967 3000 1794
305 311 313 304 306 309 1728
1339 1899 582 139 2385 964 233 2598
915 630 3035 1454 1572 617 902 1872 893 954 518 1089 848 1662
1090 181 697 1170 1228 803 819 1169 122 481 693 802 836 2028 1447 1172 283 1188 482
2885 439 848 1600 37 874 526 527 427 549 432 430 1305 426 547 431
2772 3220 3130 3129
3772 3773 3771
1697 439 1201 37 1304 1978 526 1199 435 436 425 978 426 38 1255
1262 1043 2784 1263 1044 1069 336
3768 1629 4008
2430 2946 2945 823
2517 404 1778 174 18 95 34 1790
2855 2597 1740 1865 1474
1580 3277 2078 1377
2054 1063 295 2041 748
3223 2319 2318
3227 3010 140 41 471 1865 112 3246 663
2941 89 1336 1335 965 2744 2140 787 2691 2218
570 1462 1894 949 92 71 945 954 1895 701 1616 692 1839 607 703 1426 952 678 1195 2841 518 717
203 37 147 448 184 2055 1995 572 823 1042 145
2525 1154 867
967 37 784 439 427 184 438 432 425 434 426 547 1255 1198 433 440 431 848
2269 3539 245 367 358 376 377 378 296 379 380 371 2266 373 374 375 10 346
222 1371 232 1256 716 226 715 1949
1328 1191 2028 1188 1169 2027 2425 1189 2416 824 187 1090 2473 1184 803 819 1698 4258 482 481 802
2758 2713 2012 2869 1351 3027 3596 767 973
3684 1169 481 1318 1191 2028 1090 181 1447 1187 1184 1170 1171 1172 803 1185 1259 283 1188 482 1189 786 2416 285 802 1449 836
2004 2003 570 2005 833 2055 1895
1971 1970 1157 938
2686 1577 3555 520 3557 2502 1583 721 88 1995 3556 1916 518 1571 3224 2628
570 782 1056 838 837 549 425 437 979 426 773 1030
1650 480 216 1828 703 476 1364 825 475 217 479 471 221 2418 556 620 1434 663 658
2823 1644 2208 1642
492 1346 2249 2248 1347 1458 663
2650 995 3495
1076 1233 2591 1073 2507 2824
1227 2072 1226 3821
2577 2579 233 2578 589
26 359 173 443 178 8 11 15 14 1 170 7 25 175 32 10 3536
579 1007 1000 997 1001 996 998 511 1138 1087 250 1213 577 901 1281 1156 2528 1563 993
1060 703 702 1557 621 952 2466 707 1342
199 201 1792 197 200 2233 1995 715
710 2832 524 2831 398 928 954 2841 679 711 726 1839
1600 953 617 630 2423 952 3035 1195 893 954 518 1454 1089 703 944 618 1462 1872 1784 519 845 717
2452 109 1828 1267 3662 902 620
1400 2886 2888 1279 1397 3091 2693
1767 753 137 165 672 85
1304 123 183 838 1459 1503 165 1457
1017 483 4317 570 1758 1895
43 1096 540 901 152 579 511 1097 578 1101 1013 993
1254 724 503 1133 723
1279 764 1138 763 737 1297 1646 2260 1232 1281
1105 2518 2166 1109 1103 1102
1685 678 952 1686 1839 1548
498 499 1044 474 1043 1068 478
1017 1309 1892 812 582 112 47 2079 1952
965 2054 1287 40 1330 1627 61 30 663
1391 1198 386 1199 1749 1463
2972 2971 2973 128
2893 1375 2142 2265 2506
1060 703 1426 3778 953 1462 1195 71 518 845 717 692 607
2541 2794 2329 2881
2367 2127 957 1102 958 215 1107 2103 1109 1106
2034 1895 772 690 286 472
1708 2352 1193 1812 1112 3070 1487
703 469 476 2685 480 600 300 1828 2634 1267 621 603 471 692 658
1767 2685 241 600 300 657
2219 69 493 47 43 1594 3769 29 1818 1347 663
26 31 2269 14 3539 178 7 10 15 1 174 2266 25
570 703 469 1462 952 3359 2841 518 1148 717 692 607 1060 944 1426 1061 949 732 603 71 945 893 954 1342 845 1616
2408 1112 1136 661
1145 1262 1146 3045 2796 3474 2714 3805
309 1216 1034 453 454 1767 850 1728 826
3607 2265 3890 2506 816
932 625 469 103 1947 1706 216
1474 2597 483 2855 1865
1822 1157 1970 1972 1159
791 3686 678 2152 1559 467 125 520 1195 954 111 1897
1690 902 109 1267 480 475 2452 2503
61 2502 1614 2354 1906 3340 1521 3339 1905
1522 223 666 2549 27
1784 893 894 2931 1572 915 617 2423 3980 952 949 2828 2600 1195 892 3041 954 2841 518
2588 952 732 1060 2931 703 469 2431 944 710 1462 3351 1688 678 1714 1784 1195 71 929 519 1016 954 2841 518 1148 845 1875 2748 725 717 1548
2142 1569 3769 1568 2504 2505 2507 1570 2265 2506 3011 2057 4117 3890
1609 2503 961 959 954 469 1023 960 1608 1689
2844 1896 570 1895
647 936 1085 648
965 3212 2979 2826 2837
811 812 1444 581 1445 1863 4193 3661 3285
1898 37 874 201 549 883 1041 609 649 202 203 398
1490 1130 1129 1120 1139 840 1138 1232 1012 1233 1141 1786 1140
1631 1274 1356 2214 1329 775 493 943 1766 69
1145 2714 1146 3045
703 1273 1565 1059 1342 2284
3843 952 953 92
965 584 233 72 787 582 2598 1502 2593 964
1408 653 1409 1704 948 1407
1849 1883 480 960 109 620 475 2503 479
492 2249 2248 1285 1347 2570 141 2699 775 494 1346
570 791 504 286 288 71 285 1896 1895 1898 735 520 630 796 549 562 1478 563 1016 954 565 446 1897 723 649
1400 2882 2824 2100
2351 493 494 664 492 2249 43 528 495 491 1594 201 29 69 1347 470 2803 1310 1024 663
26 14 1 2266 9 8 23 11 176 22 15 21 16 443 5 20 4 178 6 7 25 175 267 10 1924 27
356 2228 2193 1720 744 364 245 370 365 2213
2350 2116 1605 3269
2843 72 2578 582 139 144 2593 1691 1502 964 965
1130 1140 1789 1490 1129
37 439 1978 1199 184 1201 978 426 1255 526 432 1202 1198
2453 3752 3602 3774 3863 1179 3754 1178 2206
203 3444 2255
43 645 1527 69 41 60 30 493 1458 40 47 663
942 230 448 145 2646 775 460
520 230 92 596 1943
1991 1639 1179 1641 923
439 527 693 526 2112 1524 848
570 549 1896 1895 1132 772 1451 690 183 1898 703 735 483 791 504 520 1894 838 630 3667 286 1360 2844 288 796 1204 833 562 1478 36 563 2446 291 608 3359 1850 1586 1016 354 954 1342 565 285 101 446 472 979 1374 1897 500 3367 723 773 692 607 649
2722 379 282 280
227 3123 1481 222 232 540 1225 968
570 703 1440 1462 1363 643 603 471 591 692 476 784 880 1148 658
2560 2559 667 1110
1205 501 757 1208 951 679 717 1207
645 476 1462 949 634 471 221 658 703 469 643 692
952 2294 2748 641 703 469 944 710 1059 1462 2930 694 949 92 2963 732 1195 1188 2027 938 622 519 778 1016 1342 2841 845 725 3429 835 1089 1616 1321
1157 2134 2133 2066 1964 2075
544 503 1897 1933 466 772 570 1038 791 504 1928 1252 1929 540 796 1930 724 545 1935 1133 848 1039
3089 1136 3874 1906 1521
203 147 1518 37 64 448 184 611 523 1042
469 809 628 2055 315 605 37 145 1889
1450 549 752 979
2749 2255 2662 2977
1298 1001 996 1009 579 3003 1299 1279 1007 124 1397 247 1138 997 250 248 1213 577 533 1214 901 1281 1156 578 1297 998 993 1280 532
3374 3581 2705
3236 3233 3235
1371 2596 2326 934 875 935 932 201 477 716 1895 715 1407
82 116 47 1102 645 574 3058 1854
116 1094 574 3058
684 930 757 79 603 1207 680 679 717 703 469 2841
3249 18 3004
3023 1743 773 398 71 101 1854
2695 2376 2696 2697
3632 799 1595 2850
4111 2038 2039 3231 3760 2783 2404
1564 996 1087 250 577 1563
3982 1670 1468 3139 2006 626
247 249 246 252 250 248 251 253
1097 2026 1160 58 1141 1142 1102 1100 1101 1098 152
2200 1307 477 822 1308 1122 1361 1123 1225
703 969 3879 203 944 1565 1341 287 1696 970 1342 1854 3423 3424 1616 692
2791 1427 1998 3066 478
2207 2140 2691 1713 2765
14 270 1778 1790 3506 174 178 10 34
2785 1118 1113 3419 1487 1115 1708 3679 2786 1116
469 37 932 647 678 1295 648 1255 935
461 1870 748 1052 1053 2043 1051
1051 1 16 17 2
1222 477 88 1221 1225
243 195 2429 2821 300
2433 220 2434
104 111 119 467 2210 1373 546 791 874 545 1041 1305 47 547 848 188
838 1256 2594 2812 854 1949 2686 1693 1376 623 823 979 2821
1216 1033 1415 1163 2622 1155 2425 1620 2416
414 2173 2439 867
2268 2266 351 2271 2182
3208 3210 3209
1597 1598 1426 3482 1943
203 2237 1565 627 1623
512 513 984 510 1093 1142 2997 1956 1102 1123 1100 1101 1098 1099
1967 2266 26 174
840 839 737 1211 1152 1363 1232 988 992 1281 995 1403 805 2136 3048 989
503 848 1038 544 796 1935 797 1039 1253
837 1984 194 783 1694 887 782 856 838 2821
703 469 850 476 643 601 206 603 205 620 207 621 221 70 591 692 216
2269 773 183 563 938 1897 1030
37 861 1821 1019 2053 1343 888
705 86 704 709 706
838 768 740 1256 1626 1582 123
1795 4326 1794 1347
1179 517 3409 1262 3752 1178 2206 3486
972 2799 973 1605 870
3139 647 2325 1670 1468 626 103 932
427 2254 523 437 428 203 433 967 2049 440 838 64 184 425 434 649
1787 1130 3541 1786 1129
469 1256 539 89 1504
1102 58 1160 992 1107 1141
990 58 988 995 30 2285 1211 1494 1152 1363 840 992 1004 1464 1210 2286 994 1453 805 1006 989
1138 58 1001 1279 1400 1007 1139 247 1232 248 577 1281 1233 996 1230 1129 1297 998 253 532
1956 58 2951 2949 1427 143
296 3539 367 2269 744 245 443 358
1821 270 443 1019 442 1021 1020
203 965 64 627 89 1524 159 398 1458 1439 663 964
537 1992 913 721 1275 720 984 1656 536
780 778 779 777
1179 3670 3752 4280 1178 2206 3863 517 2655 3754 2653 3602 3774
1008 533 1001 1010 1280 532 577 1156 996
640 827 940 2983 825 639 1878 903 316 707 637 642 638 941 1321
48 65 30 254 51 49 50 2079 977 1403 47 1402
1023 713 1021 227 1821 712 1019 786 1020
1493 2927 603 806 1767 551 595
1704 3300 1225 932 477 480 1293
1023 712 3183 713
908 909 905 910 987 496 906 1003 1261 497 907 1959
3567 500 3795 3735 1203 2053
1824 280 225 803 804
2016 2017 995
3108 3195 3288 2506 3109 3312 3102 3101
2820 823 2821 1312 1828 887 809 765 208 610 241 2594 2845 632 2741 195 2699 139 1377 620 572 1842 1126 1311 1949 1369
853 1151 3067 1147
1609 2503 1608 1061 1615 961 959 954 1689 1975
546 652 985 812 1041 111 874 547 848 188
2752 767 2468
952 2963 1616 2931 703 944 1425 953 710 1462 1688 2930 678 2828 92 1784 1195 945 519 954 2841 2536 518 1148 845 2748 726 1334 725 717 607
2361 2646 1983 942 37 1686 2102
203 784 439 458 184 426 38 649 1198 1224 37 526 650 434
2668 1674 1416 232 522 1673 1158 786 1713 2170 1030
2064 3482 3916 884 4135 3924 1677
2816 812 823 1309 1892 1693 2113 2594 2812 3285 854 1126
2816 1612 964 965 138 1339 2054 89 72 128 1691 2837 1502
3565 2261 1066 3096 1064 2908
817 4217 2910 816
1284 1633 1283 2277
664 64 2842 663 203 1017 1477 1590 523 1458 2217 123
3589 916 3038 2152 3570 1954 2802 3276
2537 1551 2726 2054 548 747
203 772 570 1898 791 504 398 549 562 563 1896 1895 773 649 796 1897
2843 139 964 39 1222 1528 1339 73 1181 582 144 2385 1691 580 159 1646 1502
227 1019 786 713 1021 1020 1821
2040 46 2415 1992 540 45
3287 1188 951 2027 1190 2431 151 3035 767 519 1994 1089
3009 295 2753 2519
3405 995 228 229
3159 2342 2343 1557
1968 3004 1038 2438 1039
2049 2234 258
1060 3837 4279 703
1395 2915 739 738 1088 1260 2208
1320 689 476 2907 692 658 703 469 1440 480 642 1321
772 570 381 448 2984 101 773 605 549 36 236 1895
2249 2728 2570 2813 2689 2809
1286 1506 1826 1480 624
379 3539 2300 245 2303 2228 4283 358
2998 2113 2114 2594 823 766 812
393 389 3724 395 924 388 391 390 392 2189
91 692 3714 3776 3775 3777
227 1603 540 588
126 136 2008 3115 2960 133 123
1279 764 763 762 1297
659 1308 1488 660 2107
2830 2742 2829 2741 2739 713 3764
203 1623 713 548 2237 1960 786 867
703 969 3423 692 944 1341 1696 1342 1854
3073 2143 1262 3753
1661 647 678 1839 1407 1908 936
1062 1198 2908 1463 1684
1585 97 2675 730 3748 272 3870
37 448 4241 203 381 784 147 526 1749 145 571 184 2309 36 460 2055 775 1463 101 661 1042 605
512 1123 3679 1098 984 1093 3006 513 1100 1101 1099
73 30 47 44 43 55 123 663
4115 1225 1761 1115
2001 1083 2556 511 3169 3170 2557 2078 1377 2555 3171
1868 60 1869 965 3728 3056 64 787
138 4245 1464 1435 1181 159
574 2014 3174
965 64 1590 108 47 664 1017 89 60 1458 663
1364 168 1459 167 123 587 920 2982
808 807 556 54 965
2033 2032 391 393 388
3139 1659 1086 1468 1657 103 626
477 1372 2486 2487 3587
74 1796 3149 3281
2269 3623 3030 881
2540 30 805 1211 2717 1363 840 540 988 992 1464 41 60 995 2824 1403 1006 989
2930 2828 92 2600 2602 1784 519 518 1149 2603 952 945 3041 2601 893 954 1616
2130 1900 2147 89
2512 221 477 1385
1812 3473 1660 1589 1605 123
160 159 123 138 64 89 72 128 139
201 2455 655 91 1659 1657
2589 283 1188 2514 2473 1170 1171 3288 803 1169 2027 481 1354
2951 2594 812 1427 2686 58 3953
1516 4325 1013 1073 1074 993
26 14 2266 1924 176 1 5 4 7 175 9
155 1119 1121 1120
1605 870 2799 966 973
469 960 2503 603 959 954 620 518 690 41
2339 620 836 861 647
1060 703 1440 2431 784 1462 1061 952 949 1714 3359 1342 2841 518 845 1854 717 692 607 621 1426 732 1195 71 954 1148 1616
2438 358 180 3004
222 2028 1228 1169 543 181 1187 548 1171 803 1185 819 1698 280 482 1189 802
1102 2127 957 1107 2103 1109 1106 1104
31 14 177 481 10 174 2266 178 880 7 25 355 32 180
1204 2648 2564 954 2748
1271 1270 1350 1109
232 2883 875 3675 3130
3380 1754 30 187 964
752 533 1209 1280 532 1212 1353 1008 821 577 1001 1156 996 1010
752 775 1276 1273 437 547
1557 2366 949 960 2463
791 744 1896 2297 4285 4348 4349 4352 467 2125 2621 4345
1130 3547 1156 2604 1490 577 1297 532
3267 41 40 47 123 645 2787 3799 631 60 30 1458 150 2252 140 663
703 469 1556 1195 471 954 692 203 1060 772 570 690 930 2431 944 710 689 1059 1426 1462 1061 952 949 480 2466 206 945 221 523 679 518 699 1148 845 1896 1875 2748 638 717 701 700 607 658
570 703 1462 398 833 36 1016 1342 1895 2748 979 1060 772 735 1894 952 549 71 954 1896 3367 692
2649 3479 505 2934
2993 591 590 672
1600 1462 949 678 1601 1872 1195 1089 1426 617 2423 952 954 518 1148
76 2107 74 1123 1308 2106
1136 661 2763 2166 3311 3310 1112 4275 2091 30 1419 204 2610 1487
1600 1599 1601 1454
965 807 60 1817 2573 64 808 1181 89 72 1302 40 1869 1502 1750 964
1432 984 1027 542 1125 1119 538
1190 1049 1050 2027 1994 836 1188 3618
3603 245 2492 356 376 2061 371 244 367 1176
2517 404 95 14 1778 1790 174 10 3506
2111 2109 947
1035 1216 1036 844 1037 1439 1415 1134
2269 380 3539 868 2270 181 31 2199 744 371 245 2266 614 280 375 367 7 349 358 1449 10 2628
4095 300 302 301
222 97 1947 1885 932 1256 1853 223 1481 280 1444 867 226 1480 624 27
103 97 47 3139 96 108 1293
1475 1946 838 233 128 1586 2491 1046 2222
448 2309 2055 2308 37
476 722 1947 1480
2746 622 1165 1060 735 1091 460 954 1943 845 2748 725
3564 2465 3099
3613 2242 3154
241 2594 1503 632 823 1312 2686 875 765 1693 1368 195 2812 623 854 1438 2821 1311 1949
1992 540 46 536 1400 227 134 1494 114 73 2040 2415 1496 984 2131
902 1951 645 241 463
634 1322 1321 658 1462
664 1347 493 823 665 663 492 3010 69 470 40 494
3512 1313 812 2489 66
1194 723 1895 956 848
3799 41 60 47 645 57 585 30 42 40
868 1472 867
1828 480 1323 471 620 692 300 658 479 221 216
3241 1078 488 1077 2223 2225 1072 1079 1044
2845 823 1503 623 2821
664 2827 494 492 491 477 1285 470 493 1458 1874 663
1906 3340 3339 61 2502 1614 1521 1905
772 570 791 504 1204 562 464 1896 649 1898 735 520 630 288 796 145 549 1478 563 1016 1895 446 1897 723 773 607
469 1364 2750 620 83 216 658 64 480 471 221
1287 2877 3574 663 1627 52 1458 1330
540 2421 1432 150 40 47 41
1908 949 1840 2554 1839 930 710 1426 1084 1894 2930 3360 1784 1195 945 699 845 2748 725 692
1560 1562 2469 1293 1551
2405 3869 3494 735 734 3201 1314 623 290 2143 3870
1432 41 558 42 150 47
536 1494 1917 1992 540 1656
2179 2161 2162 2177
703 1462 398 732 525 524 1321 78 1548 570 952 1195 71
2181 1895 3135 2180 570 289
309 465 463 300 310 1282 826 902 464
1347 2751 1042 2681 146 528 856 2248 1315 572 666 823 665 1126 428
2751 767 631 979 788 1865
2643 3205 2155
2713 1520 3596 1890 2869
3350 3349 2891 1137
1365 1197 2824 2591 108
791 685 606 686 861
833 2725 3609 3608 2724 2419 2420 3610
859 588 558 589
1073 1124 1233 1125 1007 1076 1075 1001 2824 1074
250 687 248 688 251 253
1493 551 1999 879 135 2419 1216 594 2927 3377 806 165 1466 657
158 1386 1233
1123 1119 156 984 662 1121 1120
1888 582 583 2717 584 233 581 2598 580
1899 2231 2230
1331 3032 4216 1351
3512 4173 66 2490
1060 1462 1894 949 707 471 954 717 701 692 700 570 703 469 1426 784 1061 1195 71 1165 893 2841 518 699 845 3367 1839 607
131 140 123 531 1330 47 2217 663
469 1385 471 221 703 645 1556 206 620 692 658
3539 371 245 7 2269 379 380 2492 358
1260 1259 611 738 2208 2915
190 98 1522 47
2919 2918 1694 483
1898 439 427 458 184 436 425 434 649 1224 426 38
610 1376 2812 620 823 1438 1828 29 109 2699 556 2821
2744 2767 1694 2157 2491 1335
703 832 954 831 1060 944 621 3583 1462 1363 1714 1880 1195 71 2555 518 699 1896 3367 605
2857 815 1904 1612
573 3521 575
3115 1802 2401
2138 3436 1283
1123 3588 660 2200 1279 2099 1308 1331 76 2208 4216 75 1122 1277
791 3668 772 286 1896
3198 2663 2076 3633
3098 3717 3718 4134 706
930 944 1462 1195 928 929 954 1875 703 618 710 617 678 2828 732 2152 945 1616 1839
2154 987 2153 908 103 910 496 988 906 995 1261 2155 907
2271 2266 3 2182 351 882
203 381 37 784 678 1686 650 954 426 458 184 606
54 1828 480 3010 475 603 590 556 620 591 47 592 555 109 107
2093 2104 2105
2998 3864 3893 3271
491 508 1347 509 492 495 1594 1893 470 493
627 3338 61 1521
902 1394 1225 1562
1117 1761 1111 1116 1115 3679 1812 2073 1114 1487
310 1848 504 309 902 345 464 463 554
1371 2477 2595 1225 1895
306 602 902 603 681 307 554 304 310 1767 1728 313 464 2841 214
1268 1269 2261 1044
3152 1166 3283 4215
568 2011 569 772 570 887 774 1360 398 71 563 2536 101 194 773 607
1992 45 2415 1494 2040 46 1496
548 1566 1201 836
1341 87 1342 692 703 2431 1714 1696 2841 699 725
1618 857 858 783 766 1617 2778 2779 2776 767 2777 1046
37 784 448 2646 1686 460 203 381 1199 145 699
398 549 1411 426 203 37 874 526 1041 773 848 1198
799 790 752 2385 2850 1359
1433 40 3305 645 540 1181 1646
26 2269 14 1 443 170 5 8 11 176 173 15 16 2266 4 178 7 25 357 2 28 10 9
3458 1225 1551 1372 1562
29 1399 52 1287
576 4298 2080 1222
940 903 316 707 708 637 352 640 827 2983 825 642 711 941 1321
1304 1314 773 183 774 4118 546 1276 526 1031 438 545 956 426 547 1030 1251 561
1885 1826 1480 624 1286 1853 1481 1948 1947
356 479 981 975 262 873
1222 935 932 1468 626 620 648
477 1416 1680 1363 1225
448 451 145 2533 37 2984 2055 2330 1463 38
89 787 1502 1695 2573 60
3162 789 506
2739 2742 2829 2740 2736 2830 2741
3487 3486 3488
1594 2236 494 492 495 491 1893 1285 69 508 1347 493
1364 151 1911 1430 979 1374 123
2048 2315 2047
833 3076 300 570 260 241 291 1895 235 658
990 540 992 2449 737 805 989 1494 1363 840 988 995 1006
2914 2913 3636
1005 43 1400 1123 1004 2208 510 152 993
2208 2915 2345 1260 2398 611 739
897 3483 895 896 904
74 1279 2457 2307 2906 76 660
1400 3091 1675 2693 2824 3048
611 1042 203 528 147 610
4341 2987 2702 2871
466 772 570 791 504 288 796 549 503 1016 1896 1895 1897 723 773 1898 735 563 446 649
2933 621 1462 622 1165 954 2841 1943 518 1148 1334 725 1060 949 845 1616
884 548 2112 609 2726 219 747
1336 1874 664 1273 2877 3687 2218
17 1702 272 980
2164 3104 2165 1821 257 4323
73 2215 964 43 1181 30 128 139 1691 55
199 784 1050 844 866 1203 693 836 865
587 3129 168 586
570 471 691 640 772 690 703 735 784 1364 1462 520 62 1061 1363 608 1016 954 880 3020 1148 1896 2748 2003 692 300 607
1320 691 640 689 62 1895
2942 2943 2744 2812
356 881 369 2266 443 867 3536
1405 623 823 492 2686 1309 1892 208 29 2594 2845 632 1368 1589 1865 2812 2699 2340 854 1842 1126 1949 1369
772 1587 723 570 735 4293 791 398 793 1586 1895 446 1897
1328 2028 1188 2027 4258 2416 824 1191 1090 2473 1171 803 1698 1169 2425 2622 1189 481 802 187 228
618 14 3688 15
884 861 1821 938 219 37 2726
1371 1222 935 932 477 1601 1225 934 678 626
1371 1084 935 932 1601 1225 595 934 678
14 867 411 95 5 1924
1767 3818 90 3411 2993 1186
1432 2415 588 43 1303 542 1464 558 1435 42 150
932 234 216 222 229 220 625 225 626 223 1225 2385 226 228 658
930 944 2828 892 945 1606 703 469 618 1084 617 1908 952 2930 1601 1784 1195 71 928 929 2152 954 1875 1616 1839
985 812 3225 3512 1041
2028 406 482 222 1191 1090 1171 803 819 1169 2425 2622 481 824 802
1507 2524 875 867
796 798 1426 92 2748
1328 4258 4259 1191 1188 2027 2622 2416 824
1640 922 1638 1639 1178
1708 626 3981 1661 1222 1468 2074
1298 1296 1297 532
1936 1586 1897 772 570 540 1896 1895 1133 723
837 2491 2757 2821 838 2010 572
31 174 35 2269 2266 178 272 10
660 2208 3638 2659 1123 3512 1629
1157 904 1964 2133 2066 2065 2075
2065 2180 2269 2144 904
570 1850 1895 979 772 703 887 735 484 1462 520 838 1363 549 833 1016 954 1896
31 2269 10 180 179 3539 3506 174 354 353 481 7
484 812 1508 1309 1892 3285
2420 3746 2724 2419
2393 749 1870 748
3096 2908 4270 3565 2261
2292 2291 2847 2594 956 671
570 381 451 2055 236 1463 605 37 448 145 2984 606 888 235
2167 823 2168
1328 2028 1090 1663 1185 2027 2425 2273 2622 2416 228 1187 1184 819 1698 1189 481 802
1249 666 222 1250 624
1426 1195 1598 954 1943 845 1923 703 1462 520 949 2841 518 1334 1089 1839
799 626 1265 1003 1264 2458 1045 987 2222
1447 1715 286 1228 803 819 280 285 1169 802
1612 656 1691 1854 657 562 139
965 64 89 128 159 123 964 138 627 1181 582 60 144 1458 1439 2826 1502 663 658
1751 493 495 42
1195 2087 3583 1556 732 471
562 2031 772 1204 902 464 514
1279 660 75 2200 1123 1232 659 1308 76 2307 2906
540 1181 1464 864 862 43 138 1434 589 40 805
95 14 174 2266 272 228
664 64 1590 3291 3290 1017 1477 2842 108 1336 1458 2217 663
1801 1800 1803 1804
1150 952 960 1147 518 852 1149 1059 630 1557 2575 778 1148 835
772 570 735 791 504 793 1586 1896 1895 446 1897 723 288 796 549 1016
2636 2454 3852 2637 3735 500 1203
2636 2637 3446 282 2454 4313 3445 3835 3836 3022
540 560 805 863 542 484 1494 1363 2540 1433 2449 995 864 737 2872
2796 3923 327 3486
813 273 2228 441
354 10 15 2269 443 180
850 1033 1415 1620 1216 851 2622 1161
1377 2555 3087 2001 3277 1083
2911 2912 699 1907 505 1839
1848 735 791 520 3579 1571 692 772 570 1849 549 1016 845 1896
1974 1044 1065 1069
2649 944 952 2555 954 2934 699 1456 703 1342 2841 726 3429 1616 1839
199 448 145 2055 1995 1203 1042 203 37 784 201 1889
477 2071 2069 2070
2269 353 10 179 26 31 820 16 3539 3506 174 2266 443 178 354 7 349 355 357 2 361 262 180
960 954 353 1558 1059 791 1688 1557 2503 2575 961 959 1147 518 262
2812 3043 854 1661 776 2686 838 1693 3760 1256 2594 632 1376 812 2699 623 1588 823 2511 979 1126 1369
884 548 2846 203 965 2112 1524 609 2726 693 747
1767 85 84 597 476 753 672 2824 47
1142 1272 1093 1102 513
201 200 1482 203 884 199 1686 1995 197 609 426 715 202
1827 1501 1419 1500 151
1774 1776 1775
844 3404 1050 865 1188 2027
54 30 1791 39 1828 43 52 29 69 1287 41 42 591 1504 823
735 621 1791 1440 2431 1267 1462 520 1872 622 1016 954 518 1504 638 500
124 153 74 1001 123
822 2208 1760 984 1629
855 854 1376 1369
992 1332 994 993 991 1005 579 43 990 1028 996 1453
1550 1549 1707 1310
1031 564 426 561 1029 1304 563 848
469 89 41 631 3020 1504 620 47
471 3020 690 3010 1556 691 472
448 775 1391 776 381 2573 809 37 230 1199 1749 145 1329 1824 2055 1041 1463 437 1042 605
827 1419 637 679 399
2998 3126 3271 3864
37 861 1995 1340 1203 203 199 1050 548 694 448 386 888 609 3618 836
1005 1279 1400 990 2824 993 3048 994 1074 991
1668 1342 3790 703
433 967 439 430 434 37 440 427 1749 184 432 435 425 437 426 431 428
1216 241 453 1767 879 850 196 594 1033 826 771 242 806 454 657
2758 2012 3049 3051 2074 1708 477 3050
952 694 678 945 954 3319 1148 726 725 703 469 2933 944 710 1462 949 732 1195 71 2555 2841 518 1616 1839
1767 912 551 1192 2124 476 2444 2120 550
1907 505 954 2968 2933 2930 117 699 3429 1616 1839
570 791 1478 608 1016 1479 1896 772 735 504 520 549 954 565 1895 2748 1897
996 1716 1718 1303 1138 2762
603 656 690 476 2841
4117 4312 4311
1279 1138 2897 2260 764 1139 247 1232 577 1001 996 2824 737 1297 1074 2135
784 3459 1360 3273 442
1328 803 482 1758 802 1191 2028 1090 1447 1184 1228 1188 1169 2425 804 2622 481 824
1304 111 1305 426 848 183 37 546 874 439 652 427 438 545 1041 547 119 188 561 1198
731 729 1005 730 2818 3124
381 791 932 2984 2330 570 125 448 678 451 235
1446 693 1090 1447 1504
151 102 986 3410 1911 1391
3075 1382 1383 3013
54 1828 469 1267 1504 476 1286 480 3010 475 89 109 603 631 221 1791 591 823 107
1721 2822 2814 1710
965 1186 108 1266
3276 3070 1954 2023 2802 1135 3589 916 752 2388 3570 1744 1193
1767 2086 3819 114 603 552 1909
3177 3163 3045
1658 1657 201 1086 3777
570 1318 2332 791 504 285
838 1485 979 570 783 887 782 484 1056 1363 1498 549 2140 2812 775 523 1016 854 1895 194 123
787 1476 856 2767
1335 3113 1309 89
2187 1431 526 382 1290 1391
1329 2808 943 1766 1412 1631 1274 1273 1356 628 2214 1285 775 493 1502
503 1935 796 1897 848 1039
1050 12 2305 357
96 19 407 3608 884 401 1 34 2420 174 482 3536
829 1078 2988 1079 1080 3335 1077 2223 2224 2789
784 951 3273 711 442 570 2431 732 3459 500
754 878 756 105 531 616 629
2933 621 630 1872 1195 518 1081 1462 617 678 954 1943 1148 845
245 2296 1176 97 2228 441 2492
621 1462 949 71 832 954 2841 524 1321 78 1060 690 703 952 518
41 556 620 591 2252 47 469 480 3010 69 631
714 1020 3202 1021
68 65 118 47 2079 30 3957
356 744 867 1451 2125 615 3539 479 881 1467 2193 2297
2269 2266 2141 172 2270 26 31 1326 380 174 5 614 881 353 367 7
551 550 879 912 552 1466 1192
43 645 69 1906 823 1521
3608 2725 3903 1834 96 820 833 33
603 591 2719 641 1828 684 469 850 1462 1363 480 643 602 475 599 771 2444 590 2086 672 128 2841 880 620 1148 1616
756 105 754 755 531 616 878 47 692
43 2800 494 492 495 491 29 69 470 493 663 964
884 419 938 1524
887 1692 886 823
26 3506 267 10 2269 14 1 178 355 180
965 667 1216 844 1415 1439 1161 1220 851 1134
130 187 956 123
703 621 1462 949 2284 692 1060 1440 2431 1059 1426 476 784 1061 952 1714 603 100 471 893 954 2841 518 1148 845 1875 2748 725 1854 717 700 607 658
1461 1437 1975 490 1436 2021
203 664 703 64 608 523 956 658 469 1458 663 216
1647 1650 931 1648 1649
1035 1216 851 1134 592 469 1811 844 590 620 1578 1220
232 1778 3675 2540 2883 803 3506 226
2824 3240 1390
381 37 861 451 236 1463 888 2055 650 235 605
930 710 1462 694 949 71 518 726 962 1060 944 1149 617 952 678 1195 928 954 2841 1148 524 2748 711 717 1839 607
2507 3813 3769 2265 2506
1082 500 711 442 352
703 1440 2810 1605 692 2431 689 476 1462 1363 1714 1556 603 2555 1342 518 845 725 1854 717 607 658
664 469 1590 523 529 2217 1477 64 1458 979 663
1890 812 1891
1802 2403 2402 1803 1801 1712 1805 3045
277 261 396 260 315
1521 3017 1904 1906
1096 2490 3606
1290 1511 2049 382
51 535 48 50
2947 3917 1340 535
2668 2064 2170 1157 1416
667 672 668 591 671 670
254 4223 50 65 255 2079 977 51 1403 1402 49
2750 608 3469 1943 658
570 703 1462 549 954 1895 1374 649 772 690 735 504 1894 1363 71 1896 979 3367 1616 692 607
570 1462 502 1872 954 442 1321 690 703 735 504 617 630 678 1195 518 2748
2775 787 3871 2026
2223 4309 1080 2224 1078 2988 1079
1947 3537 624 1885 3343 1712 1145 625 1705 1256 97 1468 41 1853 1826 1481 493 1946 867 1480 633 27
936 177 626 654
219 2586 67 884 2584
540 150 2872 1250 73 2421 40 805 2238
582 580 965 2717 584 139 583 581 964
1901 4264 1499
1185 2450 2028 1090 1215
949 757 683 930 2484 79 603 71 717 962 658
2464 835 3885 960 1415 778 701
1339 1338 584 2385 964
222 1481 4177 1885 232 227 1584 1853 1947 968 112 4268 1480 4178 1949
442 500 1203 3447 2793 2636 784 502 3567 724 951 456 2454 1082 3851 3795
2054 548 1551 2726 747 884
861 786 785 203 1349 2615 386 1821 1091 728 1169 2021 1340 1203
286 285 939 570 791 504 1050 1715 819 1169 280 1377 565 1896 1895 802 284 567 3741
967 427 426 899 433 37 439 184 438 432 425 437 434 1255
546 874 1304 439 438 426 547 773 1030 848 1255 37 1276 526 652 427 549 545
203 381 784 1050 548 448 1995 1203
838 2241 971 1329
546 1495 1255 2081 874 1276 1304 184 549 438 545 743 547 773
1618 1046 857 985 858
480 502 602 3712 1828
639 707 637 4319 940
672 670 667 603 668
716 267 1723 715 2175 2640
480 708 3825 707 471 221 523 711 352
452 607 930 1894
764 1691 2599 1646 763
282 280 3672 229 856 2016 379 819 804
1217 1783 3268 1361
1139 1138 1379 1279 1400 2260 764 1490 1232 1130 1281 1001 2706 2897 1230 1129 1403 1074 532
685 2055 606 236 303 396 110 381 861 451 1686 650 235 605
60 30 40 1526 1525 756 1939 52 57 73 69 41 823 47
570 791 796 503 71 954 797 772 1426 504 678 92 549 1896 446 1897 773
256 348 258 259
803 283 860 1447 1170 1171 1778 3288 1188 1169 122 280 481 693 802 836
1887 2439 1162
43 227 1464 1432 1435 588 1181
286 284 222 288 285
526 398 1410 1198 37 1167 1411 773 848 649
735 3771 3134
439 1199 1200 37 874 1978 1749 549 1201 978 426 38 1202
3879 1342 3424 703 287 112
382 384 385 1469 387
65 3957 3066 68 118
295 1304 3122 838 1577 2754
2086 1909 1767 879
1112 93 1812 47
62 290 963 690 735 520 833 2575 472
1304 526 1319 37 439 438 97 956 426 773 1198
772 703 1896 979 706 640 570 469 735 520 288 398 549 36 471 2646 3359 1850 1016 954 525 1895 3367 773 1030 692 607
1138 996 2858 2604 1279 1007 247 248 577 1281 1001 2706 1297 998 1718 532
2590 2773 2591 2589
2049 174 266
2806 2704 1990 2840 2807
954 262 735 1426 353 524
1606 2581 1368 1369
89 2136 2756 159
620 83 733 469 3020 1419 47 216
3295 3201 3164
645 3007 635 215 634
526 1431 2864 2187
949 92 519 954 518 2488 1600 621 1149 1426 952 3035 694 2600 1784 1188 2601 893 2841 717 1616 607
1618 767 2777 1709 857 2778 2779 2776
945 954 1983 570 930 942 703 469 944 618 1565 1426 617 1894 2930 678 2828 1714 1784 1195 71 928 2152 2555 2841 117 2536 3319 1895 1875 725 1616 1839
2591 1365 2159 1197
1462 1894 949 2152 954 699 3014 930 694 678 3360 1195 71 692 1839 700 607
1383 540 2449 1382
1003 1002 2458 1045 3571 626 2222
626 947 935 1551
570 3135 735 2181 2446 2180
1178 1236 517 1991
157 1539 1987 595
952 1557 2463 1558 703 3470 1150 949 779 92 1821 2366 1195 193 778 1937 835
772 549 608 3061 1040 570 1898 735 520 796 565 1895 472 1897 692 607
703 1908 952 678 1251 692 1839 469 944 710 1426 1462 1061 617 2930 949 2828 1195 945 1342 2536 518 699 845 1875 2748 725 1616 1321
260 279 300 3078 1267 850 243 208 241 833 771 465 620
965 1502 1750 2513 1845 584 1181 89 72 2578 582 60 1751 1612 128 2593 1695 964
1211 1152 840 30 2824 737 3048 964 43 1363 988 995 56 989
3070 1193 3276 2352 1954
874 438 1823 546 1304 547 1255
841 843 1420 518
3312 2569 2568
1956 477 3438 3056 822 1370 720 143
783 936 1292 2758
888 889 861 451 833 1203
713 1794 1962 1960
905 1959 910 496 909 906 497 907
350 419 2313
1123 2106 1004 76 2107 984
1351 4239 2758 1331
643 3671 1363 480 601 620
1828 469 1865 823 40 47 595 645 41 631 30 620 1434 1458
1828 469 603 47 600 595 2418 620 591
594 595 1767 618 630 1493 916 1601 806 878 1454 1937
1997 2357 2496 2358
2744 2140 1336 2765 1289 2207 1335
724 503 1895 1133 1253 613 1252 1254 540 545 1897 500
37 1304 426 1255 1457 1306 1276 439 526 427 678 184 438 432 545 1201 956 899 547 1295 431 773 1042 1684 1198
1123 76 1277 2200 2727 1279 2099 1307 1331 3588 1488 660 4216 2107 2106
836 4297 784 1995
688 1499 573 1498 1779
1766 943 3450 1669 1631 1274 1356 2214 2803 1414 775 2808 1806
1964 2067 1157 938
738 1862 3951 1088 2915
285 3741 1318 1715 286
1661 1668 103 647 1407 1712 2666 626 3776 1295 648 3777
103 932 1086 1706 3139 625 1293 1295 648
604 1283 1278 468 585 2751 2277
37 526 773 649 449 203 1898 1304 448 398 451 184 438 1411 956 426 1255 1684 202 1198
2224 3987 829 1072 1080
965 260 1612 815 89 72 1136
2951 3953 812 1427
1138 603 2135 1279 2136
222 938 937 232 968
89 2449 1942 2573 540 1317
549 194 4303 1040 782 838 71 565 49 607
775 1377 2990 1228
791 744 4348 467 772 2125 1697 2621 615 4345 1896 2297 228 4350 4284 4285 4349 4337 4352
791 1896 4353 570 1898 735 734 520 861 630 286 288 796 549 744 562 1478 563 3668 1016 954 1479 285 446 1897 723 649 4350 4284 4285 4348 4349 4337 4352
