3 351 882 2182 2271 
4 5 9 175 
6 21 23 296 367 371 379 380 
263 264 2523 
29 54 69 109 475 555 556 590 591 1526 1527 1828 1939 3344 
30 52 840 988 1152 1210 1287 1464 
34 174 401 
36 101 605 3904 
43 152 994 
45 46 2415 
48 49 50 51 65 254 255 2079 
62 290 963 
64 523 529 664 1477 1590 2217 
66 2490 3512 
67 1966 2066 
71 518 607 717 945 949 952 1060 1462 
660 1123 1277 1307 1308 1331 1488 2099 2200 4216 
83 733 2750 
84 85 753 
86 704 706 
90 1186 3411 3818 
92 617 725 893 929 953 954 1061 1148 1149 1195 1426 1454 1572 1616 1784 1839 2423 2488 2600 2601 2602 2603 2828 2841 2930 3041 
407 411 412 1831
99 1018 1057 2257 
103 872 935 1293 1670 3139 
104 111 119 1291 3019 3143 
107 592 1134 1808 1811 1035
115 289 291 292 293 
117 505 694 944 1456 1875 1907 2649 
122 181 283 481 802 803 819 836 1169 1170 1185 1188 1189 1190 1172
126 133 136 
143 1708 2074 2949 3056 
183 188 545 546 547 549 649 874 1041 1276 1898 
213 214 306 307 309 313 345 463 464 554 902 
221 658 1341 2576 3213 4219 
222 223 224 225 226 232 1949 
233 580 584 2598 
246 247 248 249 250 251 252 253 2553 
282 2636 2637 3022 3336 3835 3836 
316 637 639 640 642 651 689 825 827 903 940 941 1878 2983 
382 1724 1772 2098 2187 2864 4058 4059 4060 4061 
383 387 1469 
388 389 390 391 392 393 394 395 924 925 926 2188 2189 2607 
449 569 887 2011 2984 568
1993 1995 1996 1994
466 467 791 504
470 491 492 494 495 508 1285 1594 
471 472 690 1556 
479 541 1181 1434 1849 1873 734
482 1090 1171 1184 1191 1328 2028 2416 2425 
493 1356 1505 1669 1806 
501 1205 1207 1208 
561 563 773 796
510 578 900 901 999 1013 1097 1098 1099 1100 1101 1141 1160 1982 3006 
517 1178 1179 1991 2653 2655 4280 
521 522 1158 
532 533 1008 1209 1280 1353 1358 
542 588 669 
550 551 1192 2124
577 996 1007 1156 1213 1297 1299 2259 2604 2762 
611 738 739 1259 1260 2915 
623 632 1368 1693 2699 2812 854
626 648 1705 
636 644 1857 3007 3986 
668 1418 3592 4309 
695 696 950 1367 
728 1159 2615 
737 805 989 1211 1453 2286
747 748 2041 2726 
764 1139 1646 1138 1232
765 1311 1312 1369 1842 2681 1438
767 857 1618 2777 2778 2779 
775 943 1329 
851 1161 1578 1807 
885 1436 2365 
895 896 897 3483 
931 1647 1648 1649 1650 
959 961 1609 2503 
1005 1073 993
1135 1744 2023 2388 3070 3276 
1180 2052 
1351 2012 2713 2758 2869 3049 3051 3596 
1474 2597 2855 
1746 1970 1971 1972 
1801 1803 1804 2206 2345 2399 2403 3752 3754 3774 3863 
1818 2219 3770
2140 2691 2692 
2454 3447 3851 
2689 2728 2813 
2704 2806 2807 2840 
2792 3295 
2863 2939 3137 2982
1 10 11 14 15 26 28 178 443 3536 
2 7 8 16 25 173 176 359 
6 21 31 32 367 371 380 
977 1173 1402 3857
104 111 119 3019 
179 180 355 614 744 868 3506 
188 545 546 547 874 1041 
235 303 381 451 650 
245 358 2228 2492 3539 
436 458 1164 1684 1697 1224
461 1051 1053 1870 2043 
479 480 1849 1873 734
512 513 1093 2997 
621 622 1165 1943 2746 3966
625 1468 1712 2006 
1028 1086 1295
693 1049 1050 2925 3618 1994
710 711 930
713 714 1834 1960 1962 1963 3749
966 2810 2811 2937 
1000 2528 998 1087
1929 1931 1932 1933 
1083 2001 3169 3170 3872 3873 
1118 1226 2786 2072
1139 1279 1400 1232
1372 2486 2487 2999 3587 
1441 1677 2064 3482 
2785 3419 
21 22 263 408 417 1967 
40 42 57 60 2212 
122 181 283 481 802 803 819 1169 1170 1185 
244 376 3757
436 458 1224
716 2477 2596 
772 1896 2125 2297 4345 2621
816 817 2910 4217 
1188 1189 1354 2589 2590 3288 1663 2027 2473 2514
960 1557 1150 1882 2575
1064 1065 1071 
1437 1975 1461 2021
1968 3004 
2 7 25 
71 518 1714 2555
91 655 1659 1671
599 850 2444 3246 
622 1943 2746 
624 1480 1826 1885 1853 1947
644 1771 2030 2485 
705 709 1309 1491 
727 990 992 1006 1471 
742 743 1349 1576 2917 3060 4362 
777 778 835 3067 3885 
828 829 830 2114 2311 2312 2988 3335 
851 1134 1578 1808 1811 
916 1635 1954 2606 2802 3570 3589 
1019 1020 1821 1879 3000 1021
1103 1105 2166 2518 
1111 1113 1114 1115 1116 1487 1761 2073 
1145 1146 2825 2796
1953 2389 2639 3038 2873
1274 1412 1413 1414 1631 1766 3450 2214
1277 2099 2107 1122
1331 1351 2713 2869 
1334 1597 1598 1923 
1437 2177 2178 2179 
1568 1569 1570 2057 2265 2504 2505 2506 2507 3011 3769 3890 4117 
1903 1904 1905 1906 2354 
2078 2201 3278 3279 3921 
4 5 357 1924 
6 21 367 371 20
45 46 1496 1992 
48 49 51 255 977 1173 
78 79 80 638 679 1321 1916 
81 721 862 1625 1940 
82 116 1094 3058 
654 655 1407 1661 2455 
92 519 725 726 930 3319
105 531 616 619 629 754 755 756 878 
505 699 1908 2554 2646 2968 3429 
122 181 283 481 802 836 
124 132 134 847 1976 
138 1435 2839 4245 1510
2570 2689 2728 2809 2813 
146 147 428 440 572 1014 1042 
150 1250 2421 2872 
157 1987 1988 1989 
158 2205 2744 2775 3353 
549 649 1898 
197 199 200 202 528 609 715 
273 274 275 2299 2526 
288 503 724 1039 1133 1930 1935 1038
295 918 1063 1830 
297 593 1033 1155 2680 2859 
298 346 373 375 377 
304 305 308 310 681 1728 
382 386 456 1290 1340 1362 1724 
383 385 387 455 
424 668 1418 3592 4309 
470 491 492 495 1594 2803 
498 1043 1068 1069 1973 2498 3670 
485 486 845 2466 3966
488 1077 1078 2224 1079 2223
680 682 683 684 962 
578 579 999 1214
511 997 1000 2528 998 1087
522 1673 1674 
541 1434 1849 1873 734
550 551 1493 1767 
577 1213 1297 1214
611 738 1088 1862 
618 928 1558 1572 1872 1937 2423 2828 
765 1311 
857 2660 2776 2923 2924 
777 778 835 960 1557 1150 2575
3067 3885 1150 2464
816 817 818 4218 
922 923 1639 1641 
931 1647 1651 1788 
1474 1740 2597 4166 
1614 2502 3339 3340 
1774 3975 3976 3977 
2704 2723 2806 4196 
2939 3136 3138 2982
29 39 54 69 
485 486 1047 3966
1044 1064 1065 
502 597 1127 1128 
511 991 997 993 998 1087 1214
512 513 2997 
516 676 3602 
520 608 1016 
536 1275 1656 
552 2010 2757 2854 
565 566 567 
577 1298 1563 1087
604 1278 1517 
621 1165 1440 
622 1598 1943 2746 
647 648 1086 1295
653 948 1408 1409
670 671 1289 1951 
673 3474 3805 
692 703 1342 1565 
700 701 832 
726 841 1420 
1159 1970 1972 
745 746 2754 
766 795 1617 
767 857 2777 
777 778 779 835 
785 1203 1451 
790 799 2850 
802 804 1447 1172
807 808 1302 1817
816 817 2736 2910 
844 866 1220 1415 
852 853 1147 
870 972 2799 
885 1436 1437 
892 894 3318 
904 1157 2133 
922 1639 1640 
933 3776 3777 
979 1194 1374 
985 1388 1591 
1002 2222 2458 
1012 1140 1786 
1073 1124 1125 
1083 2001 
1120 1490 3541 
1129 1130 1230 
1137 2891 3350 
1217 1361 3268 
1281 1379 2706 
1301 1392 3343 
1375 2142 2893 2976 
1382 1383 2926 
1427 2951 3953 
1489 1530 3564 
1509 2877 3574 
1560 1561 2469 1562
1585 1768 2675 
1606 2273 2450 
1642 1643 4327 
1710 2814 2822 
1794 1795 1961 
1796 3149 3281 
1800 1802 2398 
2713 2869 
2038 2039 2783 
2069 2070 2071 
2076 3633 3634 3635 
2083 3625 4161 
2100 2582 2882 
2143 2338 3753 
2164 2165 3104 
2307 2457 2906 
2329 2424 2541 2881 
2357 2358 2529 
2376 2696 2697 
2405 3201 3494 3869 
2419 2420 2724 3608 
2430 2945 2946 
2590 3101 3102 3108 3109 
2679 3172 3173 3192 3193 
2734 3177 3214 3215 
2935 2936 3200 
3003 3519 3523 
3098 3717 3718 
3169 3872 3873 
3342 4113 4165 
3447 3567 3795 
3736 3737 4357 
4124 4125 4126 4287 
3 170 2182 
18 19 404 2517
36 101 569 2984 568
37 38 426 1198 
41 47 631 
56 2285 3380 2286 2551
70 191 192 193 194 206 207 208 209 210 211 212 476 643 
72 89 139 1502 1691 2593 
76 1277 2099 2107 
81 720 721 1625 984
91 655 1657 1659 1671
95 1790 3505 
103 872 1293 1670 
105 531 619 878 
106 1509 2877 
107 479 480 
110 396 677 2003 2004 2005 
505 699 2554 2646 
119 848 1291 3143 
122 181 283 482 836 1090 1171 
141 2570 2689 
143 1112 2074 
581 582 811 1445 1863 
145 236 1463 2055
146 147 572 
155 156 1119 
167 168 587 
184 425 427 431 432 433 434 438 439 967 
188 545 546 
195 196 237 238 241 242 2429 
528 609 203
217 507 2418 
221 634 658 
235 303 381 
244 371 379 
245 358 2492 
246 247 250 253 
248 1281 2706 1214
256 258 259 
262 975 981 
277 315 1889 
2454 2636 
285 286 1715 
287 969 3879 
296 356 367 881 
297 593 1033 
298 302 346 1323 
308 912 2927 
316 352 637 
368 378 2303 
382 386 1724 1993 
388 389 924 
406 413 1833 
423 424 668 
436 1164 1697 1224
461 1051 1053 1870 
471 472 690 
474 478 498 499
481 1187 1698 
496 497 905 906 907 908 909 910 987 1003 1261 1959 2154 
517 1178 1801 1805 
532 533 
542 558 588 589
594 595 657 
600 2634 2685 
625 1468 1712 
713 714 1960 1962 1964 1965 1969 
767 857 1046 858
895 896 
959 961 1608 
966 1605 2937 
1017 1335 1336 
1019 1020 1021
1083 2001 3169 
1135 1744 2022 
1180 1713 2207 3079
2589 2590 2473 2591 2773
1290 1431 1511 
1372 2486 2999 
1397 2886 2888 
1857 3007 3986 
2637 3336 3836 
2736 2928 3086 
2739 2742 2829 
1 10 179 180 355 614 
19 407 411 1831
40 42 2212 
44 55 2215 73
48 49 51 255 
62 290 833 
74 76 106 
78 79 638 1548 
84 85 137 
90 1186 2993 
92 519 1149 1426 1616 1784 1839 2600 2601 2602 2603 2930 3041 
99 1018 
102 986 3410 
110 396 685 
112 1892 2862 
115 289 3135 
126 133 2975 
138 1435 1612 2837
143 1111 1112 
144 581 582 964
145 236 448 
158 2157 2205 
167 168 1459 
188 849 1305 1055
197 198 199 
213 214 304 308 345 463 
580 583 
267 419 2298 
278 1092 2705 1091
282 2636 2637 
287 969 3423 970 1696
309 454 826 
316 352 708 711 
382 1290 1724 
399 637 707 
418 421 1176 
493 1356 1505 2792 2826 3295 2769
517 1178 2653 4280 
546 1276 1055
695 696 2279 
710 1421 1425 
737 1211 1453 2286
747 748 1052 
828 829 1080 
957 1106 1107 1109 2103 2127 2367 
1001 1009 1074 
1113 1118 2072
1135 1744 3070 
1215 3729 3808 3928 4314 4315 
1297 1299 1397 2258
1311 1581 2845 
2758 3049 3051 
1675 2693 3091 
1993 1995 1996 
21 263 1967 20
40 42 60 
64 523 664 
78 79 757 
180 614 
197 198 199 200 715 
213 214 304 
215 957 958 
222 223 
247 577 996 1007 1213 1297 
283 2589 2590 
458 1223 1684 
463 465 1848 
493 1356 1505 2769
496 497 
503 544 724 
524 690 691 
592 851 1578 
635 636 3986 
713 714 1962 1963 
790 799 1264 
916 1635 1954 3570 
1279 1400 1675 
2086 2212 2572 
72 89 139 144 2843
104 111 545 546 
195 196 237 241 
246 247 1213 1297 1214
288 446 563 796
519 1089 1600 3035 
561 564 1029 1031 1032 
617 618 1872 
693 697 836 
762 763 764 
811 1445 1863 
1043 1069 1973 2498 3670 
1475 1946 
1064 1065 1066 1067 1070 2261 
1805 2341 2360 
1 10 180 355 
2 6 7 371 
48 49 68 977 118
51 65 2079 
70 191 205 476 
74 76 1277 
122 181 283 1090 
144 582 964 1528 2843
288 446 503 796 797
493 823 1356 
495 509 1126 
623 632 765 
724 1252 1254 
1505 2826 3295 2769
1568 1569 2506 3890 
1724 4058 4059 4060 4061 
2181 2446 3135 
72 89 1502 
117 505 694 
122 181 283 836 
184 425 427 
213 214 301 309 
222 223 224 226 
438 1056 1411 
470 491 492 1594 
569 887 2011 568
573 1498 1499 688 1779
586 587 3129 
943 1274 1412 1414 2214
821 1212 1355 1357 
840 995 1004 
924 2314 2527 
978 1200 1202 1201
1009 1011 1350 
1283 1284 2277 
1929 1931 1932 
237 239 240 
263 264 2523 
346 373 375 377 
479 541 1434 
1175 1176 2296 
1351 2012 2713 
1960 1964 1965 1969 
37 38 458 
71 92 518 725 930
180 614 868 
656 657 1216 
658 1341 4219 
1668 1670 2325 
2149 2548 3570 
30 52 1287 
43 152 510 578 1214
100 3367 3583 
184 425 427 431 438 
564 794 3533 
614 744 868 
1425 2963 3840 
541 2121 2909 3877 
2826 2979 3212 
1 10 180 614 
184 425 438 
581 1445 1863 
1111 1113 1115 1812 
1520 1890 2713 3596 
2012 2758 3049 3051 
498 1069 3670 
744 4284 4285 4337 4339 4348 4349 4350 4351 4352 4353 
241 600 806 
29 39 54 69 
1226 1227 3821 2072
811 3661 4193 
