3251 2584
3729 3808 1215 2471 3928 4315 4314
2942 2943
2430 2946 2945
2923 2924 2779 857 2777 1618 2660 2776 2778 1709
1255 1576 742 3060 1349 4362 2917 743
2935 3200 2936
1694 2918 2919
2342 2343 3159
2376 2695 2697
4018 4017 4016
3816 3817 3815
3308 3307 3309
4312 4311
497 987 909 2154 1959 1045 907 496 3992 905 906 2515 908 1261 2967 910 2155 3205 2153 2643
4350 4337 4339 4348 4352 3491 4285 4353 4349 3710 744 3668 2297 2125 2619 4345 2583 2621 4284 4351
3535 3192 3172 3173 2679 3193
2734 1203 3214 3215 3177
670 1289 3599 1951 671
2865 2866 3691
2319 3223 2318
3517 3363 4310
2831 2832
2032 2188 394 1813 2033 927 2607 4214 392 3724 1460 393 388 395 2189 389 390 926 391
2498 498 1043 1044 2552 1974 1973 1069 4130 2651 499 1068
2248 2570 2728 2813
2971 2972 2973
1808 1578 1811 1807
4059 382 1431 1772 4058 3857 2187 1290 2335 1724 4060 1511 4061 2864 2098
3714 933 3777 2455 3775 3776 3127
3149 3281 3282 1796
3654 3737 3736 4357
163 3330 2999
501 1207 1208 921 1205 3880
290 291 833 293 292 289 115 963
1681 2142 3607 2505 2057 2976 2265 730 718 1568 1076 3769 1375 161 3448 148 149 2893 1570 2504 2506 2507 2347 3011 3813 3449 1569 3890 4117 2804
3588 2200 1123 3032 2099 76 2107 660 1331 1277 1308 4216 1488 1307
2705 3374 3581
770 769
973 2799 2811 966 870 972 2810
3300 2113 829 830 2312 3335 828 2114 2311
2640 1723 2175
3970 1434 541 2121 3877 2909
2208 1395 1260 611 738 2915 3951 1862 1088 739
2908 3565 4263 3096 1064 1071 1070 1067 2261 1065 1066 4270
4113 3342 4211 4165 2402
882 351 3 2183 2182 2271 2268
1459 168 2939 167 2863 2938 587 3138 2982 920 3136 3137
67 3601 3847 1623
2914 2913 3636
3773 3771 3772
776 3043 1588
2997 513 43 900 152 1160 2026 901 511 579 1099 3006 1098 578 1101 2108 1093 999 1141 510 1097 1013 1142 512 1005 1073 1982 3090 1100 1054 3140
1577 3557 1583 3556 2628 3224 3555
469 83 1364 831 628 2750 733 810
902 308 307 464 1282 463 306 554 241 242 196 240 309 681 310 454 237 2429 771 826 213 195 239 214 304 1034 347 313 238 345 453 311 305
4363 516 3677 1915 4292 676 3678 3602
401 2083 4162 4161 3625 813 4163
1350 1271 1011 2196 1955 1270
1491 86 706 705 2431 1342 1565 3369 969 1440 709 3213 1880 1341 704 4219 2576
3170 1377 3873 2990 2201 2078 3872 1580 3921 3277 2001 3169 1083 3278 3279
3770 1530 1489
887 727 30 1453 990 56 805 1363 2286 991 3048 1152 1004 995 1510 1464 1210 737 989 988 1403 484 840 971 1380 4290 2285 2838 992 1435 1211 1754 1006 3478 2839 760 1332 2239 1471 3144 994 2551 3572 1910 3573
66 2489 886 4174 2708 4173 3512 4013
153 2859 2406 847 2091 3510 1976 3508 134 132 124 3509
4356 3727 4355 3726
734 1128 1848 2287 4180 1873 3712 1849 1876 597 1127 598
442 4319 3459 3915 3273
524 80 1321 690 679 78 903 638 1556 658 639 2907 708 689 637 471 316 1916 3825 1385 523 472 825 1878 640 1320 79 651 940 827 642 707 941 352 399
3083 3084
2589 3195 3109 2590 3101 4183 2591 3108 3312 2773 4167 3102
1134 297 2680 1037 1161 1033 1155 1163 1415 1220 2169 1620 593 851 1036
2255 2749 2977 2662 4324 3444
1314 1422 1950 1423
2178 2118 2161 2177 3071 2179 2162
39 2837 2843 1913 1613
2315 2047 2048
696 1771 695 950 2279
500 3461 2531 2053 3446 3022 2454 3567 3851 2637 282 4313 3836 2636 3447 3735 3795 3835 3852 3445
2458 1264 1003 4119 2222 1002 2191 2867 3571 1265
1268 1269 2321
1802 1801 1803 3798 2399 2630 2345 1800 2341 2403 2400 1804 1805 2398 3486 4088 2360 2546 2631 2629 2632
1118 1487 2785 2072 1111 1114 1113 1761 3679 4094 1227 2073 2786 1116 3419 4236 1226 3821 93 1115 3401
216 1650 931 397 1651 1647 1652 1649 1788 1653 1648 4123
2557 3766 4011
2829 2830 2742 2739 2740
1080 1079 1986 488 2988 424 1072 1484 2223 2846 2225 2224 1418 672 3241 1078 1077 668 4309 2789 4308
2922 766 4354 2509 1617 795
2014 1539 2392 1866 1783 3268 3174 1217 2808 1361
1474 4166 767 1740 2855 2597
107 480 600 620 217 2685 193 3010 206 4182 476 602 3368 1828 601 643 205 208 70 109 2418 3227 3246 603 209 591 599 553 1883 191 211 194 4181 850 475 555 556 54 610 3662 479 2452 3344 646 592 207 2572 507 590 2719 2634 1882 210 212 192
3339 1903 1904 2354 2502 3882 1906 1521 1614 1905 3340 1523 2683 3338 1430
2725 2016 33 3746 96 2420 2724 2419 2062 3902 3609 3608 2836
2689 3577 2809 1554 2980 1773 2770 1819
1732 1733 1730 1731
1528 1303 1922 1817 1302 1920 2856
1156 251 253 1324 2604 250 996 1358 248 576 2553 1214 1001 3519 1213 1564 2883 3380 1563 1007 1000 998 1280 1008 532 2258 1087 1353 577 1397 997 252 247 533 1535 1010 1355 3523 2611 1297 1357 2363 821 1299 1209 1233 2528 1296 1212 249 1386 1298 246
3684 1172 1698 285 802 2514 2028 481 1090 1191 819 824 283 1228 2623 1318 1188 1169 1328 1447 4258 1189 122 2549 803 1354 2625 2060 1170 2425 2622 2626 2416 3288 1184 181 482 2027 1663 2473 2925 1185 1758 1259 1171 1187 1446 653 4259
2309 571 2308 2056 4241
3924 1677 3483 895 4135 3916 897 3088 896 3750 2064
1058 4306 4305 4304 3598
1102 1107 1104 1105 3467 2127 1103 3600 957 2166 958 1106 215 2367 2103 2368 2518 1108
812 3661 3285 1863 581 1445 1444 811 4193
735 1897 791 1850 3359 565 1478 467 466 773 1930 1133 4093 1898 3686 649 570 608 562 504 520 1895 563 540 446 724 1016 3061 796 1896 1571 2872 1479 288 3579 3646
1540 1543
514 515
863 1912
2264 87
1179 4280 3753 1990 2338 1991 517 2654 1178 2206 3896 2652 3754 3752 4281 3670 2998 2653 2655 2656 3863 2143 2657 4227 2190 675 3774
3869 2675 2618 3870 2405 3201
2766 1336 1335 2691 3353 2158 787 158 2941 2218 1713 2692 2690 2205 2765 2715 3079 2744 2207 2140 2775 2157 3759
2762 1919 1716 1718 1918 3929 1921 3542 1218 759 2612
37 3741 2288 437 38 1223 147 432 1042 425 438 435 978 1684 1062 2254 967 427 433 1367 436 1200 146 458 431 440 899 428 1978 2202 1457 3352 429 434 1164 572 1201 1224 439 184 1202 1846 1429 1697 1699
2486 2487 3597 1561 2469 1394 1372 1562 3587
1680 220 229 1768 228 1606 1585 2450 234
62 2694 1791 1504 1836 1837
3705 1262 3045 3161 1146 3320 2548 3474 3805 3163 1145 2825
1232 2260 1138 1230 2897 1490 1786 1231 1140 1401 2896 763 1139 1129 1281 2764 1379 1404 1130 762
852 960 777 3885 1150 853 2464 835 779 3067 780 1557 778 1147 3470 2575 1151
560 2540 2682
1056 1519 890 3814 1015 3878 891
3349 2891 4149 4342 3350 1137 4260
823 483 2699 837 765 1369 1693 1368 2594 2812 2581 2136 4244 1312 2845 2862 1438 141 1311 1503 854 2686 2821 2757 632 1376 1842 4267
197 202 199 203 2538 1792 609 201 1686 1482 200 785 198 2947 2344 1793
816 818 3203 4217 3719 817 4218
799 2372 1595 2850 3632 3767 2385 3047 790 1359 3420
461 2043 1063 1870 1052 2054 748 1051 1053 295 1871 917 918 1830 2698
4124 4125 4126 4287
3975 3977 1774 3976 1775 1776
568 683 682 566 2536 962 607 1847 680 3532 3114 567
1273 775 3093 1329 494 1024 1594 1806 1412 2769 2082 2833 470 1766 491 1285 1356 3085 1347 493 2741 2635 1631 508 492 1413 1669 1274 2834 1845 509 495 1414 2214 943 3450 1893 1769 2236 1310 3612
3480 3479 3226 2412
64 99 47 40 4148 631 105 788 41 1590 664 663 531 754 756 142 123 1458 529 73 60 106 2787 755 3799 74 89 878 619 2217 2359 629 1315 3356
2752 2468 2953
1222 3589 2221 1953 1954 88 1135 2388 3421 2606 2150 1221 3070 1708 3887 3570 916 2873 2802 2352 3276 2389 3038 1744 1635 2639 2149 2080 1193 2151
3823 2806 2807 2801 3321 2840 4196 2704 2723 3005
221 633 2485 645 2030 2029 1860 1858 2391 3007 636 1859 3986 1857 634 635 2827 1861 644
1263 336 2952
885 125 2365 2624
11 10 8 9 177 172 2 180 2266 34 175 179 25 32 7 176 361 31 174 5 443 2868 359 3506 182 15 16 24 13 1 4 28 3675 23 27 170 173 178 6 26 355 14 3536 983
2203 2457 3001 2307
3507 1852 2427 2428
1351 2759 2074 3027 3051 4239 2869 2012 2978 2758 2595 3050 3596 3049 2713 1890
924 2314 1642 3442 925 2659 3638 1644 1645 1780 2527 2823 4327 1643
444 714 3183 4221 1821 713 227 2270 1021 1019 2122 1020 360 1879
2020 2805 3522 2022 2023 2747 2803 2018 1009 2019 2024 2353
1939 52 2877 44 2215 1287 1525 3017 1330 1527 3574 1627 55 4245 1526 1399 1938
367 346 2301 3539 368 379 366 370 362 377 244 371 2303 358 376 3757 380 373 2199 2492 3031 378 245 365 356 298 2228 3515 4283 364 363 4133 2300 2302 372 3593 296 375 3758 2493 2304 3603 2197 2267
3440 913 859 537 864 2413 984 559 721 914 1940 542 588 720 659 1625 1579 4188 1275 81 3113 1656 558 536 589 862 4187 3828
1688 2503 2931 3586 3037 961 959 712 1023 3585 1608 3036 1689 1609 1206
938 2613 2067 2063 2075 1969 1965 1962 2066 1963 1159 2390 1972 1968 1834 2133 2065 1970 1966 1513 1822 1825 1157 1964 904 4127 2134 3749 3004 4019 1746 2438
3954 2658 232 3537 715 1481 1949 1885 1301 722 223 224 3343 1853 1948 1406 624 716 1392 666 226 225 1480 1826 222 1947 1168 3069
3980 894 892 3318
1041 449 2700 2985 3841 877
815 2857 1604 2905
612 1611 1514 1520 3617 1610
2986 3985 3133
3630 3629 2858
1436 861 1615 2614 728 2145 2615 1441 2144 3553 2616
189 2219 98 190
3295 1505 2792 3296 4250 4251 4252
2296 2299 2524 2443 1162 414 2620 955 419 2298 1154 418 274 1176 2440 421 273 2441 1887 2439 2173
3908 3907 2732 2733 3906
2446 101 2181 2844 691 838 3135 36 880 1515 2180 1676 3667 2721 1132 4092
58 1427 1428 3225 53 3452
606 236 889 396 235 2984 1889 2003 942 451 677 2055 450 2361 613 448 685 605 110 460 381 1288 452 145 888 2273 2102 650 1463 303 1391 2004 686 809 1199 1983
2841 2930 2600 502 2475 2748 618 2588 1473 2462 1195 1741 1456 2554 1061 3779 954 699 1558 757 1875 703 2933 4233 692 1600 684 71 3360 893 2603 518 2423 732 952 928 944 519 2220 1907 1425 117 621 698 4279 1149 1872 3966 3041 3844 2649 1923 701 1060 2477 2459 946 1420 2474 3840 1714 725 3429 2646 845 1333 717 1894 505 1943 1148 1421 1454 842 710 1937 1426 2466 726 1059 2746 2828 945 622 832 617 1047 1616 1548 1784 929 2484 1462 949 1165 2601 2152 630 485 1908 1559 2488 953 2470 711 2463 2472 2476 1089 2467 700 2460 1839 930 2284 1662 841 3583 3035 694 2934 3166 2479 3688 2968 3319 2555 2912 1572 1690 92 1048 2478 1084 3351 2911 1599 1840 2453 915 260 2456 1537 2602 4234 2480 2366 3329 1823
404 4136 4116 270 820 420 1778 271 269 2517 3505 1790 35 268
3121 1961 1794 3000
1057 1027 61 2257 2256 1018 2605 3197 1770
398 569 525 793 3023 1743 3323 1587 2795 2983 2011
150 1433 2238 3305 2421 1250 3969
986 979 1194 3904 1374 3410 2417 3413 151 1911 1777 3412 1317 113
2138 2141 3436 2139
118 68 1402 3855 49 3861 254 1173 51 50 65 48 2079 3854 977 3859 3856 255 3858 869 3860 3465 3957
3464 3402 3403 2356 3100 4109
1638 1640 1721 2814 1639 846 2815 1710 922 923 2892 2822 1711
2593 159 964 139 1502 1339 233 138 144 965 2598 583 584 1691 2853 2513 2717 580 582 1612 1338 3003 72 1751 1692 2816 4247 128 1750 1899 1695 2230 1942 2890 1888 2231
1416 2668 1678 1158 2170 1674 1673 1682 522 521 3072 4122 2068
423 315 386 3913 277 4091 1469 384 4297 3026 1362 385 2005 1340 400 314 387 383 456 455 457 261 3199
3130 2772 586 3129 3220
4143 951 4145 3334 761 1575 3014 2249 1509 1346 1985 1417 4144 4142 1573 4146 1443 4147 1574 2337
4321 3765 1929 1934 1935 4322 1932 503 3358 1254 1749 1252 1038 2885 1936 1931 2278 1933 1039 1928 544 527
4358 4359
2562 2563
4197 4198
3463 3462
4106 4105
4158 4159
4242 4243
3156 3155
2958 2959
3262 3261
3275 3274
3706 3707
3303 3304
3919 3920
4104 4103
4065 4066
3715 3716
4100 4099
2159 2160
2667 3833
3409 3408
3364 4160
4176 2243
1501 1827 1843
1799 4249
1532 1531
2955 2956
2119 3142
3956 750
3157 948 1408 1409 3991
2332 3104 1451 3008 2164 257 4329 2165
3198 2663 3627 4120 3839 3633 3635 2076 4237 3918 3634
1448 2250 1989 1864 157 3053 1987 1988
1607 1975 2021 489 1461 1437 490
871 884 1524 1518 3689 627 3866 2617 2745
3086 2910 2736 2928 2929 3725
2350 2116 3269
2481 2483 4213 2482
3270 2449 3075 1382 1383 2884 3013 2414 1941 1384
2556 3087 3171 3926 3927
2993 2212 2086 1035 1186 90 3818 3411
3056 1869 1868 143 3057 3438 2204
2241 1626 2707 2240 768 1582 740
2130 2147 2148 1900
2684 2436 4222 3324 2437 3325 3569
2210 1366 3848 1204 4118 1304 1031 104 652 956 1198 111 188 546 1040 3849 3055 1300 1276 848 849 549 1030 547 883 774 1029 1225 874 1306 561 2445 426 1305 741 183 1319 545 526 3122 1251 2710 1055 119 564 1032 3019 4015
2550 3793 1914
1388 574 1685 2009 3728 116 3058 1094 82
1704 1468 626 1668 872 103 648 625 1295 3960 1407 1601 932 2324 2251 230 647 936 1705 3139 1131 1815 1086 1670 935 1085 1294 2647 1293 947 3317 1712 3981 3982 1707
3287 2310 1144 1050 697 693 2306 1190 1049 865 844 866 369 3039 3618 357 1994 836 1180 1993 1996 2305 3404 1995 349 2052 1666
2213 615 3514 258 3516 256 2193 348 259
1522 4114 2784 2411 2331 3196 1752
1236 3284 3064 3683 3696 3682 673 674 3680
219 3663 2937 2916 3254 218 3253 3252 1542 4240
4253 3097 3685
3306 3748 4168
85 657 1767 1192 898 879 1493 552 594 550 1466 2346 2117 114 753 137 551 1216 2444 3377 84 165 1865 806 912 1999 702 2124 2927 2115 1909 135 1465 3819
1829 3745
2245 2242 3154 2244 3613
2128 2316 4194
2061 1924 2523 95 275 20 2269 19 263 272 406 408 407 1833 1832 1835 413 405 411 2522 417 1831 121 409 267 18 12 1967 265 2520 21 266 264 530 410 4191 1326 22 412 415
3186 3231 3188 3760 2038 3187 2039 3185 2783 4111 3184
1082 4170 1452 2497
2761 2760 3298 3299 3297
2112 911 1960 2586
1597 797 2294 3552 3778 798 3842 2963 3843 1334 3551 2964
3784 2501 2500 154 3162 789 506
1851 982 2156 1470 1344 1345
3623 641 353 354 3030 881 614 814
1136 102 2408 4266 4275 75 4184 2763 1112 3089 3310 3311 3874 2610 77 661
975 262 873 974 981 976 2409
1122 1398 4288 4007 1272
834 1485 783 781 782 3925 1596 3994
2948 4326 1795
3208 3210 3739 3738 3740 2561 3209
2168 538 1507 69 1126 665 3062 3095 57 29 2820 3094 2340 3092 1405 2167
1816 2415 46 42 2131 2209 2926 45 1992 1496 2380 1603 669 1602 2186 4226 2040
2280 1175 2172 3743 3744 2295 422 3751 2281 3742
3580 1555 1854 3423 970 3786 3578 3785 3468 1500 1309 616 1696 100 3879 3424 3838
4230 2788 4175 4231
3432 3434 2100 2824 3456 2888 1400 1675 2693 2886 2046 3457 2582 1343 3091 3451
4152 2577 3732 3733 2579 2996 2578 3731 3730
1022 2233 3917 1143 3357
441 97 350 2313
2881 2329 2794 2424 2097 3660 1352 2541
3548 3549 3547
2123 2120 2126 4102
1257 1424 1258
2017 4068 4067
462 2871 3376 4090 2702 2898 2887 4341 2987 2703 459
867 4336 868 1472 4338 4340
2753 751 1622 3009 2835 2519
1455 2920 4151 2903 3590 3591
1867 1419 2396 1798
2404 1591 4164 3175 1348 985 3176 3289
4302 2754 3558 745 3559 2793 3337 3336 746 4300 4301 4009
3458 2537 1551 548 2042 2726 2336 747 2041
2106 2093 2104 2105
2491 2397 4138 2743
3301 127 477 3302 1584 3160
2720 2448 3990 3989 3867 3264
1628 876 1621 875 4269 1738
1182 557 1683 3993
2110 2111 2109
1017 4317 1971 535 937 2235 4316
4325 1120 1119 2880 662 156 2879 1121 1516 3260
2975 2895 2727 4097 2293 1196 1025 133 2894 1365 1197 3665 3204 4286 4096
3236 3232 3234 2163 3235 3233 1748
2422 2317
3883 1181 2826 3884 807 1081 2573 1661 808
3433 2706 1378 4132 3622 4131 3527
2580 1946 1742 858 1512 2010 1046 1475 2854 2547
528 3191 1410 1411 1167 3190
2842 3290 1477 319 3291 3568 3554
2716 3405 108 63 3469
2969 2790 3722
1517 1278 585 4199 604 1283 3435 2277 1633 468 1284
3834 4003 2044
2095 2096 2094
3503 3504 3761
3901 120 4229
786 278 4190 3123 4335 1026 1886 1092 1091 4334 2101 3370
1166 3151 3283 4215 3152 3074 3315
688 4264 1779 1499 1153 3521 575 573 1498 3628 3961 3832 1902 1901 4343
3367 656 3103 2035 2034 2432 3881 4224 3366 3708
3525 3520 1012 1074 3526 3500 3524 3511 3531 3528 2671 3406 3518 3529 4139
3534 2648 1687 2031 794 3533 2564
804 286 939 3414 1327 1981 792 1824 856 3672 1449 1980 280 860 1715 543 1979 1977 1486 1229 281 1313 1838 3431
4257 4255 4256 4254
473 3481 2000 474 2774
3165 2529 2496 1997 3460 3983 2358 2357 2495 2355 2494 4012
3564 2259 4295 2015 2364
2848 2291 3513 2292 2849 2847
4023 4036 4031 4077 4022 4079 4083 4081 4025 4028 4069 4078 4029 4084 4032 4033 3830 4085 4072 4073 4070 4075 4030 4076 4071 4035 4020 4082 4026 4074 4027 4024 4080 4034 4086 4021
3631 3694 2326
2875 3868 2860 2861
764 2599 3756 231 1646 1534
243 1323 300 1267 4095 301 3441 465 279 4360 276 1655 1785 302 3078 919 1492
3614 1925 3202 2348
3606 2882 3626 1096 2490 2059 2058 3333
1722 4134 3718 1728 1717 3098 3717 1917 1725 1727 1719 2633 2395 2290 1726
3620 3619 4156 4157 3621
4299 3899 327 3488 3923 2532 2796 4087 4220 3487
4303 1360 3143 1495 1291 1450 752
3639 1664 1095 3641 3640 1665 3974 1736 2735
403 2979 2731 1884 3576 3212
3701 3693 91 1659 204 3695 3595 654 3702 3699 1671 3697 655 1657 3703 3700 3995 1658 3594
3837 2687 3422 4289
3346 3132 2714 3054 4235 2712 3485
3255 2333 3256 3257 3827 3900
3965 3964 3962 3963 1927 3244 3243
112 723 1952 1892 1508
129 160 3417 3015 2237 185 166 186 164 3416 3418 2718 2252 3267 162 1476 2696 2585 1566 1624 131
839 1789
3781 3250 3782
719 3245 3831
2247 2211 1483
822 1760 94
3499 3560 3562 3561 3563 3471 3475
3763 2638 4332 1467 4333 3029
1125 3889 1075 1390 3314 3888 3068 2889 3240 1279 3734 993 2906 3968 3720 1124 2817
3345 2921 3427 595 855 3430 3428
1702 2146 980 17
1014 2465 3354 2670 3099 3355
3876 3797 4276 3796
2227 4262 2226
4323 4344 4347 3237 2272 4346 3747 3426 4137 2525
3610 2798 1874 3687 2876 1877
2767 2499 4192 3034
1855 1881 1028 3167 3168
1739 1253 1737 800 430 1735 801
3490 3425 2539 2426 4201
2674 2677 2678 731 2669 2672 2673 2676 729
2433 2771 2434 2435 3189
3118 3117 3119 3787 3788 2751 3116 2283 1373 3120 3789 2609
1958 59 2737 1957
1814 968 3674 2132 4056 3676 3673 4178 4268 4177
3393 1529 3386 3389 3398 3383 3397 3381 3373 3382 3379 3390 287 3394 3391 3378 3387 187 3384 3375 3395 3400 3396 1956 3392 3385 130 1787 3372 3388 1619 1560 3371 1782 3666 2966 3541 4361 4005
4048 4052 4050 4054 4045 4055 2037 4040 4051 4042 4043 4037 4039 4044 4046 4049 4038 4041 4053 4047
2327 2325 1706 2253 3922 2006
155 2709
534 1117
2229 2036
3025 2330 2320 3242
2641 2176
4278 486 1734 596
4331 3040
2007 3128
3194 4057
4089 3984
3266 3265
3476 4298
2002 2961
2195 3249
2587 3862
3846 3845
3454 2084 3453 3780
3637 3604 2870 3605
3807 2323 4296
4330 3263 3822
2289 3106 1396
2878 3611 2558 3582
2129 3076 3755
3081 4273 2992 4274 4272
4129 4128 4282 4225
2681 1533 3141 3550
1316 1387 487 1266 3575 2407 2781
2666 1667 3790
2049 3584 402 3911 2393 2627 2234 3910 3909 2050 3912 416 1700 2051 749
126 3801 136 3115 3800 3809 3812 3803 3802 2008 2262 3709 1592 3806 3811 2960 1593 3810 2216 1389
2791 2981 2949 2711 2951 3066 3145 478 1998 2729
1781 2900 2899 3704 2447
1238 1240 1242 1243 1241 1248 1237 1235 343 344 321 1245 1247 1244 1246 1239
1536 3905 1544 1541 2246 1381 1547 1546 1442 1545 1820 1538 2232
2688 3158 3332 3248 4010 3331 3247
4205 4206 3059 4202 4204 4207 3107 3150 4208 4153 1891 4209 2276 4203 2275 3033
667 2560 2559 2768 2378 2387 2382 2375 2370 2394 2383 2384 3002 2192 2194 2377 2379 2374 1109 2371 2381 2386 169 1110
2965 3997 3077 4002 4001 3996 4000 1249 3998 3999
772 3936 3942 3944 4294 3947 3953 1598 3946 3497 3943 3937 3950 3932 3949 3935 3721 3940 3698 3941 3938 3930 1174 3948 3945 3791 3933 4293 2334 2328 3939 2533 3952 1586 3934 374 3592 1177 4101
1632 4008 1636 2664 2665 1634 2962 2661 3768 1629 1637 1630 4261 3280 4200
1812 1605 3112 1589 3473 1660
1256 736 623 4171 3362 1945 3361 1944 4172
3228 3230 3229 2013 3134
3080 3207 4223 3052 3783 2756 2568 2567 2569 3477
3894 2901 3222 3897 3892 3893 2645 3126 3971 2995 3864 3271 3898 3895 3891 2902 2782
2542 2543 3681 2544 2198 2545 4014
1759 1432 1764 1765 1552 1550 1553 1762 1549
3543 3545 4212 3482 687 3544 1567 1219 1720 3316 3546
342 322 329 337 325 339 334 338 326 328 340 320 318 333 332 324 331 341 335 323 3206 330 1641 317 1234
3538 1286 2730 1506 3540
3644 4265 3987 3125 3988 4004 4185
678 3286 3655 2510 3182 3657 3650 784 3530 3648 3643 1797 3653 2070 3645 3723 3341 3664 3649 2362 3651 3624 1371 3642 2071 2369 3652 3659 3181 2069 2596 3566 3658 3656 2511 3647 3365 1370 2512 934
3671 3399 4115 1844
3131 4098 4154
2574 3443 2263
2800 2351 3762 2274
1926 2526 2185 2184 3713 2565 3711 2780
3042 2087 2092 2088 2085 1810 2090 2081 2089
2650 3495 1818 3498 3492 3502 3493 3407 1679 3496 3501 3494
299 3931 2077 3958 2171 3020 4246 3959 3046 3967 1763 2339 2349 1984
3886 3153 3293 3294
1756 1755 1757 1753 3322
2045 3179 3764
3105 3164 1703 2508 2755
2373 2534 3238 3259 2954 3239 2944
3211 2401 4150
1856 1809 1322 3472 2874
2535 2819 2530 4320
3216 2722 3484 3272 3455 2442 3065 2940 284 4169
3044 3853 2989 3348
3018 3021 3024 3073 3016 4228
3615 3616 4318 2852
1337 294 1494 1325
140 3327 3217 2461 3466 539 3326 3871 3820
3148 3146 4195 2282
2974 2851
2516 3111 3110
2957 1393
4064 4063
3804 4186
3219 3218
3979 3978
2818 3028
1497 3903
4141 1292
4062 4232
4006 2642
3826 2994 1439
2970 2135 1672 2137
3973
3865
171
3063
1654
2451
2521
3415
1581
843
4108
2991
2571
2174
4107
445
3829
312
4364
3082
2797
2410
1183
3690
4291
2322
1729
2025
2904
3914
3178
4110
2566
4248
2608
4328
3792
3669
4179
2644
2592
3875
3955
2932
4277
4307
3313
2701
4112
3692
4155
3347
1701
2738
4140
3489
3794
3439
1841
4121
