618 166 149 150 151 615 218 614 141 161 528 213 585 1723 165 616 490 1878
1402 287 1399
1478 317 1481 3307 4342 1658 1648 150 597 1230 396 3287 439 1354 1258 4739 3094 2235 697 1026 41 78 4161 910 3923 1561 4065 332 330 256 1459 3329 1699 2932 661 4110 769 390 890 1293 326 1877 1620 4039 338 3978 2619 1665 1165 4492 2533 570 283 145 644 2325 339 2148
635 2619 802 1478 4524 1389
2499 2795 1526
2347 526 390 890
992 484 1112
2495 2465 4844 3693 756 3989
3607 1330 3325
708 707 729 103 102
4016 3636 2569 3693 984 4826
4457 3918 2317 4980 1651
2115 2103 2110 2105 2116 2111 2113 58
4689 2145 4688
259 260 261
2385 2311 1867
305 385 631 383 1475 856 628 1474 306 1282 480 1473
4276 46 4110 4109 2733 4604 47
4418 4185 890 1387 332
1566 656 95 1263 97 96 4071 1843 1564 729 1452 1489
4762 4798 3921 4799 1975 1919 984 2734 4767 2341 4826 4062 3208 4794 4764 2495 811 3653 1049 4698 3957 1888 4785 587 2671 4787 3074 2342 2864 3973 2244
2075 600 681
4342 1258 4206 1472 1431 4980 1028 1680 1478 271 4273 4743 69 317 1532
1203 4980 1419 1421 4161 1420 60 4704 1389
1995 2375 4762 3294 3693 904 2482
1658 407 293 4124 1393 1804 32 1394 1188 1152 1395
3819 984 4764 587
237 600 1203 1230
802 198 69 741 1093 1560
510 1230 1009 2317 755 526 2742
4048 111 1818 271 3898 135
1230 278 280 4145 712 81 271 1358 217 273 2690 1808
1893 881 1563 1111 236 356 884 355 3486 3473 1979
309 33 32 4658 504 312 295 311 294 300 31 308 4185 886 1246 307 3650 1395
2121 1437 2796 666 86
1826 701 54 4056 1756 467 1387 339 4980 3699 69
471 1230 4704 41 4111 87 240 1366 4728 4094 217 56 1460 1835 1756 1389 4314 681 1825 2148
1365 279 1364 198 281 1363 1366
2122 4527 2839
1606 80 1604 2726 4539 1221 4514 1434 1605 1607 684 4069 1222 152 535 4673
119 67 1599 66 65
1911 4710 4711 2478 758 1610
2669 4180 2068 4694
4062 3469 1975 1321
1382 1263 97 96 1489 101 104 1496 729 103 656
951 952 4672 936 2938 1130 2036 4673
1648 1559 1297 329 1654 1551
2124 3142 4056 2775
1467 1697 1482 3542 1466 661 4533 390 4549 527 1448
3041 1862 4176 954 843 183
4033 4980 1826 69 890 1877 1756 1387 439 256 3950 467 261 339 2148
1225 3208 2384 3117 2341 4762 4794 4764 1049 1919 4698 756 984 3957 1590 1888 4785 1889 1596 2723
4764 3693 925 2342 2341 4761 4762 3208 4794 4796 3284 4798 3294 1674 3921 4799 4834 1597 2384 1919 4871 756 3186 2375 1894 984 1085 3957 1888 4785 1889 587 2671 4787 4312 4801 2864 2852 3636 2734 4792 4628 4826 2244
3208 4764 1975 4769 4902 4062 4762 4794 3921 4799 4835 1919 4871 3186 3941 984 4785 1568 2864 2734 4767 3806 2128
4762 4796 3921 3693 1919 3186 984 4785 587 2734 4628 2341 3208 4794 4764 2495 811 3653 1049 4698 3957 1888 4787 3074 2342 2864 4767 3973 2244
4146 2794 1526
11 561 103 2205 574 1495 240 606 1526 729
2227 4309 4428 4597 219 584 4305 4616 674 4310 1554
2227 903 334 4331 344
1946 4162 605 1065 86 3720 3626 4468 4250 4169 4362 1157
1946 2221 9 2361 2808 3062
1472 1431 798 268 4220 69 283 439 1258 4739 784 4533 339
286 267 268 271 1219 69 1200 291 283 668
1503 1502 1608 1504 374 3213 139
3356 686 2010 791 400
255 253 252 258 254 256 92
558 559 69 2894 428 268 2093 890
4318 256 4524 11 1756
1429 1543 496 1542 1544 495 4247
150 491 151 615 166 614 141 3677 1563 528 149 236 213 1723 616 1743
4342 1354 1699 2190 644 2103 1431 4980 4967 2646 1478 271 4273 643 69 911 317 1532 1389
2011 4220 1371 1633 1258 1718 4237 3577 3033 1213 808 4517
2011 283 268 1894
2264 184 183 2757 428 2088 1413 1466 2894 2796 2956 3804 357
1667 1849 1664 4090 1665 1666 1553 4376
1672 1152 1670 1671 1662
1771 171 3415 3772
2270 4573 3707 1946 4580 4577 4575 134 4576 3942
2044 1354 4082 268 784 4524 1431 69 1756
4827 2734 3693 1919 2236
1941 776 1927 1288 1926 4158 778 1421 784 3583 522 1231 771 1928 773 1930 303 1943 723 1997 2961 1942 724 3165 770 1994
1772 2151 118 1111 890 1835 833
2616 2235 2062 709
4070 956 4491
1270 2820 4371 1032 4432 4431 2468
1633 1251 1814 1331 2565 1385
1472 1431 4980 1258 784 4220 4524 570 339 4342 396 4082 4065 1819 4983 1756 1620
1826 1085 3699 69 1387
150 1695 153 448 161 149 585 165 490
2275 3177 728 677 2630
4534 236 3456 1485 1563
2055 2773 309 3499 2235 87 4220 1420 2932 4122 85 2522 4069 91 2881
1586 94 102 656 1185
23 361 362 21 359 22 19 327 20 358 360
1983 4186 3356 2331 3245 4567 2219 4564 3624 3702 4191 1301 191 4566 4571
1475 856 628 1474 305 31 857 304 1282 1473 631 1710 301
2103 396 1354 1478 1699 2105 317 644 150 4161 1877 283
1062 3022 1214
1637 1638 106
712 1597 1590 1593 1595 1594 1596 1592 1591 2341
2037 686 669 4039 290
4040 284 491 467
4074 1495 97 96 1489 101 104 1496 1526 729 103 656 1413
597 784 198 118 69 1431 802 4082 133 3885 1400
3679 1023 1877 1472 2317 1431 4980 1651 133 3357 1819 4743 69 4704 1703 14 428 2376 689 1400
3211 1023 428 1404 3679 1472 4980 188 78 2512 2627 1297 2093 69 890
4980 1354 4082 1258 784 1819 69 4704 890 1877 1756 1472 1431 1826 1023 332 133 4220 3329 4524 1389
3214 4185 491 309 517 4056
1744 149 1878 150 166 490
4762 3208 4764 2495 3921 3471 2384 984 4785 4787 2342 2864 2734 4767 2341 4826 4793 4794 4796 3284 4798 3294 4799 3693 1975 1919 4871 756 3186 1894 1888 1889 3074 904 3636 4628 2236
4412 4428 4616 4309 4089 32 180 1554
1515 419 111 535
4764 4798 1889 4801 2341 3208 4794 4796 2495 811 4799 2384 1049 1919 4698 756 3957 1888 4785 587 2671 4787 2342 2864 4527 2734 4767
491 1598 3588 141 3677 1563 149 236 213 1723 616 3538 1743 218 614 4630
501 598 579
4993 4312 3902 3570 4994 4558
913 4148 69 267
1423 1427 1405 1424 1422 1426 1425 1230
3232 811 4765 1919 1889
3234 3921 1975 4769 1888 1889 4787 2342 2864 4762 4794 4764 4798 2495 4799 3693 2384 1919 4871 4698 756 3186 984 4785 2671 2734 4628 4767 2341 4826
2317 1354 4082 103 58 802 4980 1826 2637 1478 3699 4083 69 4533 4704 1756
1826 1718 4220 69 890 1877 1387 4033 2317 4980 439 76 271 701 911 4524 4704 1345 1756 1400 339
2317 1230 1718 4220 1459 1651 1366 69 4524 4704 317 351 3529 1400
2317 697 3024 606 890 103 720
331 802 332 103
4092 902 1656 666 667 1655 1441 314 2855
310 309 504 312 295 294 300 31 308 32 1246 307
256 257 4319 494 493
2121 4500 4623 40
4597 4309 584 673 4428 4616 4310 4552 1554
363 365 4101 3527 364
782 490 585 4928 1878
996 1450 138 3612 2048 1828 2177
286 268 1873 1867 1219 668 1876 267 1180 1200 283
1855 3970 922 2027
574 1271 3525 4627 963 3953 4049 103 4548
2826 2820 1526 1413
4762 3208 4794 4764 4796 2495 3921 4799 3693 1975 1919 3186 984 1888 4785 4787 3074 2342 2864 3636 2734 4628 2341 4826 4798 2384 4698 3957 1889
3682 1376 2094 1519
50 1665 1431 4983 2105 3529
1 1482 2317 4980 3885
219 1559 4428 2227 4733 2006
113 2088 1956 4630 3831 1869 118 817 213 617 4560 2757 357 830 4413
335 37 36 1372 31
4296 735 4360
16 2894 491 2053 667
1472 1431 784 4220 193 1389 1555 4980 439 76 4082 1258 4739 1561 4065 332 1620 570 1400
1431 440 441 822 635 823 570 813
1877 1620 2103 1472 2317 1431 4980 1826 1651 1478 271 2105 4524 317 1532 1389 2376 1400
1881 1546 1200
466 1230 1406 470 465 3071 4516 1407 1825 1408 57 1832
238 2060 1559 3358 69 4524
1526 729 103 679 11 1489 104 1496 1942
1457 1399 1401 1456 260
4466 2361 1088 4194 4170 4230 62 4254 2298 2720 4263 4227 3062 4255 2221 1906 3717
1598 141 3677 144 1743 491 845 3588 218 4630 1563 149 236 213 1723 3538 830
342 343 98 346 345 99 1521 351 1338 1337
475 1451 1400 1517 69 1390 720
4061 489 488 1891
3251 3041 4171 954 843
1230 41 1478 1459 4704 317 1756 2148
1472 268 69 2894 4533 890 428 4034 798 559 91 339
893 1628 1533 2158
177 179 168 176 139 178
1935 1930 1926 776 1421 1927 1231 1928 1943 1288 723 1942 724 3165 722
1893 881 1111 356 884 355 2323 3681 3486 3473 883 1563 880 236 1979
29 28 30
802 4034 268 643 2894 1472 491 276 2646 3699 2105 4533
802 328 535 103 58 2317 276 2637 720
4980 267 1354 4161 2105 2103 1472 2112 396 4217 643 1756 1200 644 58 1743
950 1526 2823 1495 1380 1496 729
396 778 776 784 3583 1927 522 771 4624 773 4388 303 1288 1997 770 1868 4158 743 4301 786 1994
396 11 268 1495 1526 103 729
695 4663 3873 3439 10 4602
338 339 2103 1431 2646 1478 3699 69 352 2105 317 40 344 348 341 340 1387
1356 1354 1289 1787 1015 1355 1442 1359
343 346 345 351 4496 342 98 1374 99 2187 1521 353 350 1338 1337
3208 3686 2852 1597 925 1919 4871 1894 4826
4162 4298 1922 3213 58 2274 4177 4251
890 526 2043 1300 2352 860 2351 2330 2350 2316 1025 2347 891 1095 1895 1250 2346 668 1581
908 4284 907 906 2851 4067 3426 4285 909
3271 1851 283 1609 1750 292
369 1020 3368 926 1269
4433 4072 4511 1024
1582 1581 1009 68 678
1868 778 784 773 4388 4158 776 3583 743 1927 522 771 303 1288 1997 787 786 770 1994
458 4980 1561 1756 784 4983 1389
251 2611 42
3122 2943 1668 1669 2227
373 2387 372 4265 1934 2464
440 824 441 635 1431 570 1400
4764 3921 3693 1919 3957 1888 2671 4787 2342 2734 2341 4762 3208 4794 4796 3284 4798 3294 2495 4799 1597 2384 925 1975 4871 756 3186 1894 984 4785 1889 904 2864 3636 4628 4826
3287 784 4980 2646 1819 69 4524 4704 1389 1387
4764 3464 4871 3208 4799 2375 4769 3560 4785 587 2671 3022 2864 2852 2341
3288 1085 904 2342
3208 4804 756 4764 2495 4812 811 4834 2465 4835 4766 2384 1049 1888 1889 4787 2342 2864 2723 2965 2341 4826
4075 745 4076 940 3889
310 294 308 296 309 628 3191 312 295 311 244 307 313
1858 4143 2860 4142 103
1472 4980 4082 890 1756 2685 428 784 69 4533 1877 570
4917 4918 4919
4034 3918 1398 74 854 2095 2657 2317 977
2647 1389 1391 1658 3266 3138 1699 91 644
258 1128 686 389 1009
286 1357 283 4136 1354 268 1873 1219 1330 539 928 292 932 1046
4540 183 76 1006 3720 4331 62 4402 2956 2757 429
276 535 271 3438 58 2103 2317 802 419 2637 4704 2298
4762 4706 2384 4062 3208 4764 2495 811 1049 4698 2375 984 3560 3957 4784 4785 1889 587 4787 3074 2342 2864 4767 2341 3973
975 4194 86 535 4254 3062
1354 4082 784 643 1877 1756 1389 644 1431 4980 4967 2646 133 1819 69 2105 4524 4704
4808 4814 2384 3208 587
4764 4798 973 4794 4796 1674 3921 4799 1894 4785 2671 4801 2864 2734 2341 2236
2547 4055 1478 1400
3208 4764 4796 4798 2495 4799 3693 1919 3186 984 3957 1888 4785 1889 2671 4787 2342 2864 2734 4628 2341 4826 4762 4794 3284 3294 3921 2384 1975 4871 3074 3636
3208 4811 1049 4762 3284 4798 4804 3731 3693 2384 1975 1919 4871 3186 984 4883 2426 4770 904 3636 1596 4628 2341 4826 2236 4793
3809 1272 4520 1273 4098 103 4519 1494 659 164 2883 159
949 3312 758
320 262 319 257 629
4762 3693 2384 1919 1894 984 4785 2734 3973 3208 4794 4764 2495 3921 811 3653 1049 4698 3957 1888 587 4787 3074 2991 2342 2864 1250 4767 2341 2244
4597 673 4099 1095
3890 3186 3208 2495 4698 3957 3074 2342 2569 2244
386 1563 355 3486 881 3473 4513 1067 236 356 884 228
3687 3589 245 3241 1088 4254 4266 3062 2619 3717
802 2053 2894 667 16 4704
1415 423 281 713 1414 487 1364 74 1815 4049 755 414
2859 561 484 143
1558 1559 1551 1648 1553 673 720 1552
3208 2948 4773 4794 4799 3693 1894 3636 3219
4066 2071 3962 2080 1460
2103 2105 2111 412 2115 2110 2116
734 733 1506 2105
1573 4363 1572 4980 143 271 69
143 1723 161 528
1230 784 4220 1459 69 4524 1756 4082 1258 4739 133 3329 1819 4983 4704 1389 351 3529 1400 339 2148
1941 4052 1089
4440 69 428 970 1023 3571 268 559 4083 2093 890
1598 77 76 4630 75 228 144 830 1765
1006 4190 4194 4170 4254 2796 2298 2720 4227 4255 3717 4466 2361 4230 62 3062 2603 4055 2221
4408 4501 4176 3626
1472 1431 76 4220 4533 193 1572 4980 798 3885 1145 1555 339
76 1826 1718 166 4220 4704
3458 196 1495 1484
3208 3731 3471 2375 4762 4794 4764 3921 811 4766 2342 4767
189 854 727 2095
758 1263 96 1380 1526 1566 656 654 97 4071 1489 1496 729
2084 2071 2072 2080 678 1803 249
2107 2184 314 856 780 2191
1858 3665 4143 989
662 663 664
3779 997 2244 998
3184 3183 2033
3208 3347 3346
970 4739 271 4220 2062 69 4704 439 1258 1718 4065 60 85 1200
1659 1661 1660
103 3231 4074 2796 104 102
1230 4 657
1397 1535 1561 1396
1566 1452 1263 97 96 4071 1843 1489 1496 656 1380 1564 104 729 103
1826 268 3699 635 69 467 1387 339
1826 268 635 745 69 570 1387 439 256 339
3208 3360 4223
1247 277 779 1641 2678
1352 1350 1085 339
3458 4535 661
1718 2029 2317 4980 419 3217 3885 911 14
4162 1065 2687 2686 605 3720 3626 3330
342 611 333 344 348 1338 339 334 4620
653 4093 514
254 253 255 256
1553 1549 4743 1548 4602 4982
2637 103 41 494 855 1664 606 413 2796 4377
706 268 1772 1431 317 3529 1387
2074 2105 2103 1555
1431 1430 4679 441 2049 210 2917
1421 1927 1231 1930 1943 1288 1942 729 724 3165 1926 1928 722
1826 745 570 4174 439 4117 4739 813 4217 268 78 4220 256 635 1621 823 826 341 1560 1387
1350 1213 808 1718 3577 4220 1242 1371
1350 4056 1387 339 1826 271 1349 701 4256
1381 101 1382 1454 1380 484
3112 1975 1370 1321 1369 1022 4068
4040 1003 2986
4794 4764 3921 4795 4798 3471 3693 1975 1919 3186 2375 1894 984 2734 4826
1490 1452 457 530 1491
2808 2796 2670 597 86 3456 1006 4190 184 4081 3291 1526 4251 2221
3456 484 2298 1743
4764 1054 1975 4794 3921 811 4799 4835 1919 4769 3941 984 4787 1628 1568 2864 2734 4902 582 3806 2128
4796 811 2384 1919 756 984 1888 1889 4788 2734 2341 4062 4762 3208 4794 4764 4798 2495 3693 3653 4698 3957 587 4787 3074 2342 2864 2723 4628 4767 1533 3973 2244
1007 777 776 1008
970 1652 69 1460 103 1461
1354 1392 2773 1389 91 2317 4980 4082 697 4220 1420 69
1593 1597 1595 1594 1590 1596 1592 1591
639 1009 686 890 1581 2742
1649 419 78 535 2637 3438 109 1826 1516
970 4065 1478 69 1665 4739 784 1664 317 1400
3455 484 344 611
498 488 846 775 489 686
2574 385 686 639 901 305 1379 2396
4106 2295 4105 1284 3900
1649 78 2637 109 1826 1516
959 890 1877 2103 1472 2317 1431 4980 276 1826 2637 10 1478 303 1417 2368 4273 3357 1819 4983 69 911 4137 4524 4704 317 1345 4116 1756 1532 871 1389 4982 2376 3529 1387
3500 2574 1867 577
333 344 348 339 342 336 347 4620 611 337 338 4619 1338 334
4765 1919 1889 4827 3208 4794 4764 2495 811 3653 4698 2717 3957 1888 587 2671 4787 3074 2342 2864 2723 4767 2341 3973
1230 1428 1460 1652 4111 1546 4704 1512 1461
597 4558 1495 2637 4301 4165 2480 911 3546
2235 1756 4983 2105 4704 1387
4980 619 149 2685
567 1071 1100
434 435 4118 1461
1215 926 1020 1269 369 2249 1212 927 1812
2944 4254 4194 507 4227
207 141 205 491 218 3677 236 213
4092 2816 2855 1441 902 667 1655
926 1812 1241 1020 1269
1088 3589 245 4254 3241 3062 2619 3717 3687 4072 4192 4194 4263 167 1906
113 117 1956 118 3831 1869 4560 2757
2133 3853 1291 3524 3941
396 1354 1747 328 3546 784 701 27
1472 1023 784 4220 69 1877 1468 1400 4980 439 133
491 4980 284 467 4040 3885 1756
76 186 4982 1472 1431 802 441 1381 2105 4704 2376 3956 1387
878 877 102 879
4497 1700 3900
1472 697 3657 3679 4980 3692 784 133 1478
1354 1826 4217 281 1666 2103 4980 1819 1529 69 2105 4704 280
310 657 244 295 294 296 1499 4059 313
1803 678 2084 775 96 2080
655 2990 1631 1635 2834
1855 1715 4133 1230
1165 1400 441 69 1468
1354 3918 1651 643 2317 4980 784 911
4220 54 4980 1826 303 701 4983 478 351
447 1540 319 305 544
4186 4191 1983 3356 3241
4066 187 3949 3962
4159 2923 2035 1797 30
3112 1370 1626 1213 1369 1975 1242 1321 4068
1354 1743 2317 4980 1826 1651 133 3885 2105 3546 4533 4704
3918 3217 784 332 890 3529 1472 4980 69
3690 4170 1006 2656 2603
1026 1478 769 317 339 4342 2103 1230 69 338
1392 1697 1466 661 4533 390 91 527 1467 1482
970 240 4980 271 4704
1652 1461 802 970 1460 4982
854 4050 414 727 853 74
44 43 62 3542 1499 39 40 38
3451 3438 484 890
2317 1230 41 39 1620 2103 1478 3699 4524 317 1389
1380 1526 540 119 396 758 2047 654 1453 2063 1489 1922 950 490
1718 3577 4220 1242 1213 1371 808 1350 4237 3033 4517
697 946 1610 1611 2478 1612
322 321 324 323
1912 1496 103 102 1382 729
368 90 91 253
3691 69 264 798 4739 133 330 263 4094 890 1549
1472 4980 1033 634 396 1561 390 193 339
2495 811 4783 1888 4762 4796 4798 4804 3294 3471 3693 1597 4835 2384 1975 1919 4871 756 3186 984 3560 1889 4312 4771 4788 3636 1596 2734 4628 2341
491 1485 3677 1743 1598 1826 3588 141 4630 1563 149 236 213 3538 1400 830
4805 3489 1987
1230 445 4093
2071 249 2098 193 1555 678 2077
2103 2114 2116 2115 2110 3438 2105 2111
605 1065 3626 3858 4169 1946 4162 86 3054 1006 607 4307 4362 3720 3330 62 4468 4250 2687 1122 85 4483 4403 4176 4522 2328 2878
4089 4616 4412 40
440 3692 1400 1472 439 441 635 69 826 4704 720 1468
628 306 294 1473 631 383 1475 1474 305 304
4411 4548 2754
901 2142 603 606
1417 1418 1416 1967
4162 1065 4362 3720 3626 1946 605 86 3054 4307 4557 3330 4468 4250 2687 4469 4483 4403 1157 4522 4169 2328 2878
1614 1610 2478 4710 946 4711 1611
119 67 66 65 68
4107 271 244 1499 4083 40 2436
4914 522 1994 396 778 776 784 1927 773 4388 1288 1997
1893 4512 1111 355
3571 62 989 1413 61 161 4507 4189 63
1556 1555 1431 802 514
989 559 729 3439 4290 577 664
76 188 2298 4227 1387 1826 4192 2105 4333 4137 4254 4704
1230 613 484 2213 206 1548 1407 2511 1832
1343 294 31 297 2048
1263 97 96 680 1496 1526 729 103 1489 104
384 385 383 306 480 631
1800 1888 4628 3208 4796 2495 3921 811 1919 984 4787 2342 2341
468 535 2298 3211 2317 802 4980 276 1826 4210 3438 4260 1349 4194 4170 1529 2627 3024 4704 114 4255
78 3729 109 1826 1649 82 500 2637 754 265 428
1658 407 4124 1710 293 4122 1199 1188 1152
396 1585 1526 1354 11 2814 1495 1380 104 395
1826 78 2637 109 261 1387 1649 535
494 256 103 493 257
2940 4348 2322 1026 714 4056 2603 1560 2343 2325 58
4772 904 1533 1597 984
4080 1371 2032 2030 1197
2330 570 823 145
4764 2965 1225 4804 812 984 1596
276 3298 1182 271 484
3208 4794 4764 4796 2495 3921 3186 2375 984 3560 1888 4785 4787 2342 2341 2236 4762 4798 4799 3471 3693 2384 1975 1919 4871 1889 2864 3636 2734 4628 4826
4705 532 531 4599 66
4834 4847 4826 3208 4764 2495 4850 4531 4698 756 1749 2342 1533
4060 364 2011 1587
1984 141 213 491 845 3588 218 166 205 844 3677 1563 149 236 144 3538 492 1743
3208 4766 2375 4787 4767 4762 4794 4796 4798 4804 3294 3921 3731 4799 3471 3693 1597 2384 925 1975 1919 4871 756 3186 984 1889 904 2482 3394 3636 1596 2734 2341 4826 2236 4793 2128
1430 2049 1266 2774 2050 2917 1842 934 4556
625 623 624
1006 4289 2522
1868 1501 4293 1500 40
559 3717 4264 1088 4253 4255
4834 4850 1749 4826 4698 1250
1527 1496 357 2757 103
1479 497 317
2079 1781 193 2071
4794 4796 4798 3921 3693 2384 1919 3186 1894 984 1888 4785 2671 2342 2864 2734 2341 3208 4764 2495 811 4698 3957 1889 587 4787 3074 4628 4767 3973 4826 2244
78 265 500 109 317 1387
3208 4848 4835 1975 3186 2341
1492 509 170 1471
4254 114 2298 1006 2361 188 4192 4456 1088 535 3745 4260 4194 4170 4230 4252 3160 2720 4263 4227 3062 2603 4168 2882 4255 1906 3717
1697 3506 390 91 339
746 855 1867
3208 4901 3219 4796 2384 4851 4852 984 4773
4244 1699 1857 2647
643 833 3679 2317 4980 4967 2646 1826 1651 133 4137 1389 1400 2151
3699 60 59 970 368 971 1420 54
735 736 1461
1697 4210 890 606 4533 390 2685 91 339
3278 640 1471 3640
784 328 1387 396 3287 1927 332 330 701 478 1243 1756 4275 351
677 3177 728 2275 762
196 910 1495 911
136 1263 664 729
1230 55 56 1408
151 1762 713 574
1609 3186 984 2342 4628 1533 4796 3921 1888 4785 2864 2341
41 713 574 45 2575 1589 39
1384 2131 1309 252
1413 183 2956 428 2882 1006 184 4507 2656
743 421 745 4117 744 2722
3471 3657 3698
1600 2080 2066
3049 2698 400 1626 1196 2697
3720 855 3626 183 4507 62 1413
743 2722 4117 3583 1990 2960 745 787
855 61 3626 4194 62 4468 4227 64 63 86
597 1413 1489 104 1526 4074 1452 656 1495 96 1496 103 568
1006 1413 4194 183 4170 62 2656 161 4507 3241 2298 4229 4227 2221
4980 784 1366 69 4704 91 597 3287 1354 4082 1258 1718 1023 1561 4065 332 4220 3329 661 2298 1756
784 4065 643 1665 4982 2103 1472 1431 802 4980 4967 133 1819 4983 2105 4524 1756 1389 3529 1400
1417 2062 1270 4739 2235 1776 507 1165 4247
695 3439 729 4663 559 4126 106
784 332 69 890 103 3529
1629 1212 926 1020 1269 927 619 1215
2336 1330 859
11 10 12 396 2053 3952 268 2514 3771 256 1459 3329 1330 240 2093 890 570 4055
2637 1646 1877 689
646 3988 3978
4342 1354 1478 317 1877 644 339 2103 1431 4980 4967 2646 271 4273 2190 4743 69 911 2105
1826 268 69 1756 338 1387 339 4033 439 3699 256 701 2105 890 1877 467 261 2148
4834 3874 756 3208 4764 2495 4835 2751 4531 3195 2342 1533 4826
4531 756 1888 2341 4826 4062 3208 4764 4796 3294 2495 811 4799 4834 2384 1919 4871 984 3957 1889 2671 4787 2342 2864 4767 1533 2244
388 387 339
41 2636 103 2317 574 802 2637 69
4764 4796 1889 4527 3208 2495 1919 4698 3957 3074 4801 2864 2341
1502 1608 374 139 1503 2521 4632 3213 1579 1504 4316
841 840 1163 894 839
3471 4859 2342 4762 4794 4764 2495 3921 3731 1609 3872 984 4785 2864
614 1735 616 150 491 151 615 166 528 149 236 617 1723 1706 490 1743
4254 4338 4227 3717 4225 1006 4190 1088 4194 4230 2298 2720 3062 4055 4255 1906
95 97 96 729 656 1263 680 93 1496 103
515 390 686 516
4309 674 2227 673
3676 3770 459 535
4980 4082 3507 4084 1420 1472 3885 2773 4533 4704
2317 419 535 2637 3438 4704 890 422 58
31 110 303 309 743 1997 1756 786 4053 301 314
1826 3699 1304 4056 58 276 4082 4739 535 467
3438 4111 69 802 419 2637 2773 577 4704 890 1460 2298 3978 4982
4798 4800 2734 3208 4794 4764 2495 3921 811 4698 1894 3957 4784 1888 4785 587 2671 4787 2342 2864 4767 2341 3973 2244 2236
392 1473 1475 628 1474
1826 268 271 4256 4056 1387 339 3699 634
305 3623 263
2 7 144
152 1413 685 684 683
3693 3890 3208 2495 4698 3957 3074 2342 2569 2244
798 268 1713 299 1472 799 1431 802 163 3506 1495 1262 69 2022 4533 48 2005 1200 283 529
310 309 3533 312 295 294 308 307
1230 2078 2742 1009 1407
2103 784 1819 1664 2105 1756 1665 1666 1354 4065 3329
88 87 89
3810 4077 4743
154 149 145
1454 1380 101 4074 100 1381 104 102
1347 1349 396 4056
1230 87 1389 644 1478 3529 57
597 1452 530 1495 1413 2808 457 568
3807 2733 47 4110
3473 4513 355 1893 1563 236 884 2323
4309 4552 4310 2227 4597 584 4305 4616
628 4219 631 1475 856 197 1474 306 4124 294 305 308 857 304 1282 759 630 1199 814 480 1473 383 889
3821 606 603 901 103 477
1826 109 754 69 78
328 330 802 1387
1065 4469 3720 3626 4468 3110
448 1409 1152 1658 490
3354 282 4982 823 890 4056 4247
400 686 397 901 398 96 1008 394 2010 1196
1484 1483 3458 1561
1543 495 496 1542
491 209 205 141 4630 3677 213
76 3110 1472 1431 802 1430 11 2105 4704
1417 643 2480 890 1877 644 2103 4980 911 4524 1532 1389
1633 1385 1626 1386 1331 924 921
925 3430 1330 286
1365 279 1802 1367
1664 4963 4065 103 1666
815 101 103 4074 1382 1495 855 104 1496 729 1494
577 1174 762 879
332 1349 4185 890 4056 1387
4082 1826 4509 1354 3699 69 4241 58
346 376 98 345 371
432 433 103 1496 431
3045 1112 2107
98 1267 4265
1433 1432 1511 159
845 141 844 1598 213 1743
4599 66 2085 532 531
1675 1676 1440 1296
440 826 441 4704 1400
2071 2098 107 2073 249 1379 108 1555 678
4794 1919 3851 3208 4764 2495 3921 4835 1975 984 1889 4787 904 2342 2734 2341 4826
2071 2091 193 249 1781 1555
486 69 103 4034 1354 1920 4217 41 268 315 855 332 559 256 60 118 1366 1664 4094 413 661 2796 4377 890 1460 401 1461 30
1006 855 1413 183 4507 62 4402 428
2844 1118 766
1263 1601 1380 1452 97 96 1489
1376 1519 2094 3682 4129 4130
3703 3992 730 1797 890
3870 4687 1587
4739 303 1653 1658 4220 2960 1997 1756
346 375 345 342 343 98 376 99 2187 351 1338 371 4496 1337
475 3042 484
3872 756 4764 2495 811 587 2342 4767
1354 268 1787 1358 1359 283 1356 267 1015 292
1523 1162 1521 1161 1522 4523
712 1230 1821 278
1230 2549 600 4153
697 700 699 698
1354 4082 1258 1826 784 133 4220 701 69 1756 4980 1819 4704 1389
1269 484 1270 1020 997
399 722 1421 1927 4990
76 1718 4220 3885 69 339 1826
1561 241 4704 784 1535 4091 1551
3287 1805 2305 2306 924
778 776 784 773 4388 303 1288 1997 786 396 1868 4158 3583 743 1927 522 771 4624 788 3329 4301 1990 2961 787 770 1994
60 3613 2368 4137 4199
286 268 1180 267 1374 1873 1867 1219 292 1200 269 283 668 1876
1230 713 1414 1711
1893 1067 355 3486 4512 881 3473 4513 1563 1111 236 356 884 686 228 1765 2323
4342 1354 4273 1431 396 4980 4967 4082 1258 3918 4161 1478 1699 2190 4743 69 1664 911 317 3636 644
1609 940 1359 4149 283 1876
1919 2717 2671 4764 3294 3921 3693 1597 3186 3957 1888 1889 4787 2342 2734 2716 4628 2341 4826
1364 2637 198 69 1560 597
1068 390 526 1300 2044 2352 2316 2347 527 668 1581
406 404 3126 2243 405
1502 1579 430 374 139
3049 1627 1626 2698 400 1385 1371 2697 1196
2495 3693 4828 587 2341 4762 4794 4796 3284 4798 3294 3921 4799 1597 2384 925 1919 4871 756 3186 984 1888 4785 1889 2671 4788 2734 4792 4628 4773
2895 941 937 938 2524
852 2894 4704 491 4034 2053 440 60 3950 1111 890 1756 1883 667 91 261
1537 4336 1538 1699
3208 4764 1593 4799 1597 2375 1084 904 2342 1596 4794 4871 2864 4767
935 4108 2050 1266 934
271 282 270 269 1457
1419 1421 805 1203 4980 4161 1420 4350 1138 60 1819 4704 4349 1756 1532 1389 2511
4520 2683 1494 3809 659 1272 3626 164 1273 4098 103 4519 3652 2883 159
605 1065 86 1006 2808 2796 2729 2221 1946 4227
2495 3915 2469 3208 4828 2342
4082 3916 2864 4628
2694 1369 1452 1626 4068
1417 2061 2480 643 1877 644
4762 4769 4062 4764 2495 4698 2717 4785 4787 2342 2864 4767
286 268 1330 1750 1358 292 1359 283
1080 972 1165 1387
1975 1919 3941 4062 3208 4794 4764 2495 3921 811 4835 1049 4698 984 3957 1888 587 4787 3074 2342 2864 2734 4902 4767 3973
411 669 1524 102
4980 970 1419 1421 60 4704 53 1420 1756
2914 713 4049 1203 574 1421 1415 1420 423 1711
305 851 1336 629
141 2731 1563 491 3588 218 3677 118 149 236 213 1723 167 3538 1743
396 402 1526 395
1776 170 3640 3668
1472 3174 491 1258 4056
1539 48 1846
69 1857 970 701 1756
60 52 51 54 1218 53
2514 285 1817
3513 459 1512 535
615 614 528 1693 150 151 166 149 1723 616 490
1094 484 1628 3394
4194 3246 3241 43 4192 1413 3589 4507 4254 3062 2656 3717
4980 1457 4056 467 428 1472
1822 4198 2533 1413 3699
2044 268 2480 428 644 69 2894 4524
267 4148 286 271 1417 69
3291 2796 2670 3456 4081 2808
550 473 551 639 1153
1230 3529 1559 87 1459 3542 2148
802 1096 643 1097
4762 984 4784 2734 3208 4764 2495 3921 811 2384 3653 4698 3957 4785 587 4787 3074 2342 2864 1250 4767 2341 3973
3208 4883 3070 4764 4834 4835 1049 2734 2561
2317 396 4980 271 634 339 1354 4220 1387
1482 3542 661 3211 2317 1431 4980 1467 2637 271 3885 2627 1466 1145 4533 390 4549 527 1448
1330 1098 1942 603
2317 4980 4082 4220 2773 69 91 1472 798 1354 1258 1718 1392 697 784 3885 4083 1366 85 339
1648 1559 3336 238 1297 329 1654 1551
286 539 535 1867 4148 1357
1670 1662 1672 1668 1152
2495 3989 1889 2342 3219 3234 4794 4764 4796 4799 2465 2384 1919 756 984 1888 4785 2864 2341
4035 170 2592
271 1457 282 4056 1387 111 3241 269
1294 4241 1293 2317
1354 784 4220 1819 1756 1665 1666 2103 1431 4980 4082 1258 133 303 4983 69 2105 4704 1389 1400
4620 611 339 342 336 337 333 344 348 350 1338 1337 334
3287 2306 2305 1805
1648 1354 1529 1532
4065 1529 629 1462 1431 4982
95 664 729 1263 97 559 96 1578 680 717
4220 2773 2700 2618
2627 1466 428 1392 1023 535 184 1482 183 4083 1145 661 2894 4533
716 717 664 95
1230 692 693 2317 1478 694
62 2933 4094
4342 4743 1354 1258 1664 339
3358 4094 4704 1230 1718 2062 103
2805 2341 3693 2384 3186 2734
2103 4980 4082 4083 2105 58 1354 1756
557 1283 170 556
1472 4980 1506 69 1572 4342 396 4034 798 439 4082 1258 3918 1023 697 1026 3138 784 1561 4065 332 4388 4220 1420 559 256 3885 1366 413 661 1097 4533 390 890 4363 1877 3978 2533 428 91 339
4834 925 4836 3208 4764 2342
571 1389 570 4247
571 2603 69 4524 4704
2103 2104 2107 2300 2105
4762 4786 2864 4764 3921 3471 2384 4769 984 4788 2342 2734 2341 4826 4793
4764 2931 4888 4761 2495 2864
4545 2864 4764 2342
76 4220 2376 1472 1431 1826 1718 186 1459 3885 1145 4137 4533 4704 1572 339
1466 1145 535 1482 661 428
345 2187 343 375 351
1561 2093 2317 802 1430 3035 1529 69 2105 4036 4137 3002 4982 2376
69 1621 1093 1560 1826 4743 741
897 890 918
441 481 1431 4130 1400
4341 1756 1389 1230 458 439 1354 4082 1258 1419 1421 4739 3138 784 256 3329 643 2105 4473 1390 890 1877 4069 570 1387
352 338 341 340 339 342 40 350 1338 1337
1354 1718 911 1877 644 2103 2112 2317 1431 4980 4967 2646 1826 1651 3217 311 1478 271 4273 643 2190 69 2105 4524 4704 317 1345 14 1389
554 101 555 597 426 1382 1496 1645
268 1219 1107 286 267 1867 1180 2004 2003 2005 1200 291 283 668 1876
1230 2213 3292 484 57
763 762 917 305
2769 942 1156 943
2044 1354 27 396 4082 3138 784 770 261 644 339
2103 2112 1354 643 2105 1877 1756 4980 4161 133 1389 644
1465 102 1446
166 1725 16 614 1723 4208
1088 3605 3717 559 3589 245 4254 3241 2298 2720 4263 4227 3062 167 1906
2248 4704 1699 661 1756
900 899 1473 343
498 1123 1124 775
1486 1487 31 1585 314
3024 606 2894 103 631 2637 4533 890
94 1185 1526 102
2624 40 4056 340
1431 3023 890 2774 4056 2050
491 4036 2919 284 4256 2093 4094 3241
1376 1377 4708
1065 4468 3110 802 86 1430 4307 4362 3720 3626 4250 2105 4470 1122 4469 2729 4403 1157 4169 2328
3439 484 1463
1023 784 4220 478 720 1468 1400 1472 1459 69 1449
1818 413 4048 4190 69
4082 4241 2317 1826 4524
2317 3438 69 3145 4137 890 422 1877
60 54 1756 1387 4980 701
4170 4252 4254 2298 1006 2361 4230 4227 3062 2603 2882 4255
1050 1049 2360 4871 3186 904 2341 4793
680 6 101 1382 729
166 614 1730 150 151 615 528 149 1725 213 617 1723 616 490
4783 3693 4312 3570 2495
1826 4151 341 1909 570 340 339
989 4290 559 729 2312
926 1020 1309 1218 2131 2249 927
2062 1029 507 2637 1417
1658 2103 1459 2105 4122 1710
69 577 762 1398 4111 559 256 1111 1174 2533
491 2894 4533 4704 890 1756 261 4980 4034
315 4134 316
3577 4220 4396 1718 4237 1242 3033 1213 4524 1371 4573 808 4517
1358 1359 3109 1475 111 1356 1354 268 2632 1330 4149 287 1750 1360 1015 4137 3164 292 280 283
1230 1836 1832 466 541 81 484 1824 1835 1622
141 1944 492 491 3677 213
4297 165 58 1772 153 1105 490 1786
1919 4868 2852 3208 4764 3957 3074 2342 4826
4162 605 1065 4739 85 1946 86 3054 4362 3720 3330 2687 2796 4483 1157 4522 4169 2878
2772 1345 1354 1877
1097 4491 69 4982
217 273 280 1230 271 252
3208 4764 4834 4835 3070 2342 2734 4762 4794 3284 4798 3294 1674 3921 3693 925 1975 1919 4698 756 1894 984 1888 4785 904 2864 2341 4826 2236
4304 570 341 4980 1826 4524 340
4764 1251 2307 1269
4834 3070 4840 3208 4764 1674 4835 4698 4838 2342 4839 1250
4794 4771 3208 4764 2495 4787 2342
3160 2298 3717 1006 4264 1088 4194 4230 62 3605 4333 4254 2720 4263 4227 3062 4255 1655 1906
901 1571 467
2105 1334 2611 2881 339
4762 4796 4798 3693 984 1888 4788 2342 3208 4764 2495 3921 811 4799 4698 1894 3957 4785 587 4787 2864 2734 2341 3973
378 3810 4078
1318 1317 629
584 665 3150
310 4059 308 244 297
4764 2542 904 1628
3546 1738 91 339
758 3500 3148
628 759 814 1473 631 1475 856 197 1474 343 306 305 857 304 1282 383 889
153 638 635 890 103
4764 3022 2864 4826 4762 3921 4799 4835 1919 756 984 3636 2341
3693 1085 3144 2342 2341
1772 146 1526
1556 3801 4325
753 252 1506 1400
1205 4208 3978
2137 2107 2138
2317 2773 2522 405 2700
188 1819 2522 784 271 62 4743 2298
1963 4154 4701 2852
784 4220 643 4983 54 478 1400 1472 4980 303 1459 1756
440 441 825 1431 4218 813 824 3692 1680 822 635 4472 823 4516 826 827 828 444 1148 720 4982 570 4247 3231 1400 1408
3107 2757 4112
2796 507 4190 2637 4251
507 1389 570 145 1387 635 1756
1559 2007 2006 219
1674 2120 4764 1749 2342
43 4485 4507 40
4980 46 3401
1420 1388 1387 701 4185
535 459 1512 538 1514 2637 3676 3513
150 166 149 490 1878 151 615 153 614 161 528 213 585 1723 165 616
2088 3831 3677 236 213 617 2757 831 830 4630 205 1869 1743
2361 4230 4254 4227 652 4466 4225 4190 4260 4194 4170 4338 3091 2298 2720 4263 4168 2882 4255 2221 1906 3717
305 2611 2879 1356 2884
4764 1628 3394 1533
1354 3885 3906 1356 4082 69 91 1743
268 292 283 286 2011 1472 1431 798 1374 271 3699 1219 1750 4983 69 911 2105 2857 1358 317 3394 1851 1359 291 3529
1893 696 103
4094 3301 103 2646 3358 69
4309 4616 180 4412 584 673 4552 4428 4310 1554
1975 2128 4062 3208 4764 4767
118 382 129 4082
1374 484 1141 1529 3394
4097 159 1272 849
3473 687 1563 1111 830
1845 1200 271 69 282
213 216 149 2757
1858 1006 1142 989 103
41 39 40 38 44 43
1409 256 1493
628 305 950 1475 310 856 1474 294 857 1380 304 1282 629 630 1473 631 1710 301
758 1612 1613 946 1611
4064 1587 4692
1682 2404 62 1662 4491
3208 4764 1919 4871 3957 2342 2852 4826 4762 4794 4796 3294 3921 4799 1597 925 1975 756 1894 984 3560 1888 4785 1889 2671 904 2864 3636 2734 4628 2341
544 1540 319 447 917 305
656 95 1565 97 96 1489 717
1472 784 326 1431 396 4980 4082 1258 3918 1023 3657 1561 4065 332 4388 4220 643 661 4533 1620 1555 1400
3393 4056 271 4524
4764 2375 904 2224 4794 811 1596
32 234 407 504 1246
2834 2990 1631 655
701 4056 40 467 1387 1826 1420 1756 339
1158 383 1392 69
605 2394 1006 4176 405
2105 2107 461 2103
944 934 1929
62 1505 64 4305 61 1682 3626 4194 3542 4468 1339 1450 1934 63 1906
3022 2107 3016
1230 823 1407 466 441 745 1366 484 1756 4602 2742 1408
784 1998 786 597 1354 4082 778 776 3918 4624 773 4388 303 1288 1997 787
4284 4285 908 2300 906
308 32 1246 4640 309 504 312 307
1648 1297 4617 2103 1472 2317 802 1559 1478 1529 4137 329 1400
16 15 17 18
802 838 4366 741
96 1524 2220 97 678
1651 2709 643 1877
4256 4197 4739 4056
183 4402 2757 3804 4540 184
1552 1551 1559 1549
1750 4743 194 1200
1658 628 407 4124 857 1199 1710 1474 293 4122
984 4792 2341 4062 4762 3208 4794 4764 4796 3284 2495 811 4799 3693 2384 3653 1049 1919 4698 3186 3957 1888 4785 587 4787 3074 2991 2342 2864 2734 4628 2569 4767 1533 4826 2244
1182 1183 1184
2173 1655 314 4092 902 1656 666 1441
2071 1357 775 1555
267 69 1883 286 1 1354 1826 268 271 2673 4148 1200
4107 2672 2436 4294 271 244 1499 4083 1985
3112 62 1574 61 63
439 338 2103 1431 1478 69 2105 317 4602 1387
150 615 153 166 614 528 149 1723 165 616 490 151 161 1706
1026 1027 4137 516
3249 1550 4137 4524 4704
2 1 4054 262
4980 2547 1988
4835 2789 1987
1009 1583 1584 1582
54 1218 115 60 52 51
1023 667 1431 3885 2627 4704
2757 4505 2309 8 3804 1450 357
1718 3577 2596 4237 4220 1242 3033 1213 4524 1371 4573 808 3231 4517
271 280 278 273 274 1387
2270 1718 4237 3577 4220 4573 1242 1213 1371
2864 2788 2341 4762 4764 4796 3284 4798 3294 4799 3693 1597 2384 925 1919 4871 756 3186 984 1889 2342 2734 4628 4826
305 629 2876 628 851
3208 1894 2589 4794 4798 3294 3921 3693 2384 984 1888 2852 1596 2734 4773
2673 2920 1472 1495
940 745 939 4075
3560 2585 3208 4764
1563 149 167 3717 218 141 3538
1065 3571 4454
3208 1596 4900 1225 4796 4799 1597 1049 2375 1894 1084 904 2965 3117
2611 513 2885
4131 1616 689 704
4799 3693 984 2569 2341 4826 3208 4794 4764 2495 3653 1049 1919 4698 3957 1888 4785 4787 3074 2342 2864 3636 4767 2244
4162 86 2861 605 1065 3720 3626 85 2796
62 4189 2221 4466 2361 43 3571 4190 4192 855 4194 4170 4230 2729 2956 2298 2720 4227 4169 1906
43 40 4491 1868 44 1682 62 1529 1499 3241 4485 39 684 38 2152
440 441 823 282 4982 4247
1888 1887 1889 664
879 102 1230 877
3640 4321 1471 1877
741 1093 1551 1561 69 2894 1560
729 40 106 44 3439 404
281 4704 2536 1366
2072 2533 1472 1431 2071 4982
1007 2531 2532
634 2530 4980 271 1532
69 1664 2530 4342 1826 776 4065 2400 701 4524 103
635 4524 1756 1389 570 145 1387 784 256 890 1877
1549 1551 1557 1552
111 2505 1446 3898
1490 1491 1453 457
639 502 661 307
1403 1526 2487 1489
801 1526 2784
4170 4230 4247 4466 4225 2361 1413 161 62 1823 4252 4254 2298 4227 4169 2882 2221 652 3717
1372 335 1447 37
1414 755 1230 1415 281
1475 814 3825 4124 759 1199 1473 631
213 831 1743 830 491 3677 236 617
1391 1497 1452 102
686 1198 1196 400
1606 80 4610 1604 535 2726 4539 4673 4514 1434 1605 1607 684 4069 1222
946 891 2453
3426 484 1923
351 350 339 2044 342 343 4220 345 4620 352 611 341 340 2148 1337
1667 1666 1663 1672 1553 1849 1664 4090 1665 4376
643 478 1189 784 3699 4983 1400
890 730 2317 3217 3992 317 3529
1983 4572 183 3356
944 127 945
332 2408 2407
305 64 26 3626
1065 86 4079 4162 975 605 1006 3720 3473 3626 4539 4468 85 2796 2729 4389
4520 1273 1446 3809 659 1272 164 4098 103 4519 1494 3652 2883 159
267 271 4160 284 268 4161 4148 1200 1883 269 291 58
312 32 3650 309 407 504 311 294 308 886 1246 307 371
4162 2796 4251 2221 86 2808
1378 635 641 745
528 1723 1362 150 151 143 615 166 614 149 236 616 490
4798 3921 4802 3208 4794 4764 2495 4698 1894 1888 4785 587 2671 4787 2342 2864 2734 4767 2244
743 31 4053 856 3583 110 303 241 787
188 4332 1461 3626 1460
343 346 371 342 373 312 98 376 375 345 99 372 351 1338 4496 1337
1930 1942 4990 1421 1927 1231 2575 1928 1943 1288 729 724 3165 1938 722 1926
396 401 2103 1472 1478 69 2857 3636 1895
1419 1694 1203 1330
1479 1581 2097
3208 2495 984 4787 4831 4762 4794 4796 3284 4798 4804 3294 3921 4799 3471 3693 1597 2384 1975 1919 4871 756 3186 3915 3941 1894 1888 4785 1889 904 4771 4788 3636 1596 2734 4792 4628 3219 2341 4826 2236
144 1536 830 1598 77 218 4630 235 213 228 2757 1765 831 2323
605 1065 3720 4248 1946 4162 86 4307 4362 4250 2687 2729 4403 1157 4169 2328
1213 1368 1242 1371
343 1437 1436 1934
904 2734 3716 3208 4794 4764 3284 3294 2495 811 1597 1919 984 3957 4787 2342 2864 4767
4170 2522 4169 2221 405 1006 62 2603 4168
3208 4764 2495 4799 3693 1894 3636 4773 4794 4798 3921 984 3957 1888 4785 2864 1596 2734 2341 4826
4764 4797 3377 4796 2528
244 1985 4107 103 2436
419 2637 2242 111 676 599 4558 541 41 494 1514 1508 535 4065 3438 4111 109 330 198 62 2029 464 890 4056 4359 4088 1572 3772 2131 58
2049 1266 4556 1430 2774 2050 2917
4630 2757 4629 113 2088 3831 205 118 817 213 617 4560 228 144
31 314 856 295 311 110 1486 297 1487 301
1225 4761 4781 4764
345 1308 2153 343
628 1474 2252 856 197 4124 305 392 4219 857 304 1282 759 950 630 814 480 1473 631 383 1710 889
556 1551 2958 2077
1435 561 1477
150 614 1714 151 615 1697 166 1684 528 149 213 617 1723 1706 616 490
4762 3294 2375 2342 2864 4793 3208 4764 3921 4786 4787 2734 4767 2341
