1 2 1570 4037 4054
3 4 1056 1738
5 6 1347
8 2065 2309 3804 4420 4505
9 828 964 965 966 4127
10 11 12 14 27 44 52 69 71 128 129 133 161 183 209 271 275 276 317 387 419 431 478 486 529 552 569 701 708 720 733 802 864 871 911 977 1028 1145 1294 1344 1345 1349 1387 1389 1390 1392 1400 1404 1413 1417 1431 1468 1472 1478 1483 1484 1495 1529 1532 1571 1634 1651 1673 1680 1697 1703 1747 1756 1772 1786 1819 1826 1970 2011 2026 2044 2055 2062 2103 2105 2112 2151 2190 2241 2317 2330 2347 2368 2376 2480 2618 2624 2627 2628 2629 2635 2636 2637 2641 2646 2647 2648 2685 2700 2773 2857 2894 2919 3002 3024 3182 3211 3217 3231 3263 3357 3406 3439 3458 3506 3529 3546 3679 3694 3699 3860 3866 3885 3956 3988 3992 4007 4036 4040 4116 4137 4164 4165 4166 4167 4185 4197 4198 4199 4202 4203 4206 4207 4210 4211 4214 4215 4216 4232 4236 4243 4244 4245 4256 4269 4273 4274 4275 4277 4278 4279 4289 4323 4325 4332 4345 4352 4355 4357 4358 4367 4368 4369 4381 4383 4387 4391 4395 4437 4439 4478 4479 4480 4481 4482 4507 4524 4533 4535 4540 4602 4626 4641 4704 4734 4743 4963 4967 4976 4980 4982 4983
13 285 3087 3293 3963 3964 3965 3967
15 16 17 18 734 905 4649 4650 4651 4652 4653
19 20 21 22 23 327 358 359 360 361 362 4681
24 25 2345
26 239 4956
28 867 2086 2087 3703
30 978 1768 1797 1798 1974 2035 2299 2923 3246 4159
31 32 33 234 300 307 308 309 311 312 503 504 886 1149 1246 1348 1617 3650 4128 4640 4658
36 37 335 2699 3099
38 1335 1896 2344 3664
39 41 50 51 53 54 58 60 70 74 76 78 85 87 91 103 143 145 172 186 188 193 196 198 219 238 256 261 265 267 268 283 284 288 315 318 326 328 330 332 339 390 396 401 405 428 429 439 467 491 517 559 570 597 599 606 635 643 644 646 661 667 697 706 741 750 754 769 779 798 823 826 833 852 854 855 859 890 910 949 970 1023 1026 1033 1096 1097 1165 1182 1200 1258 1293 1297 1354 1366 1373 1420 1449 1459 1466 1482 1501 1506 1508 1516 1550 1555 1558 1561 1572 1620 1646 1648 1654 1664 1699 1776 1857 1877 1883 1920 1939 1947 1988 2029 2040 2053 2060 2093 2095 2106 2109 2117 2118 2131 2148 2152 2187 2235 2274 2325 2343 2512 2522 2530 2533 2619 2673 2796 2881 2932 2956 3094 3110 3138 3249 3264 3266 3287 3329 3438 3460 3499 3691 3692 3747 3772 3841 3906 3918 3950 3952 3978 4033 4034 4039 4056 4065 4082 4083 4084 4091 4094 4111 4122 4144 4148 4160 4161 4220 4238 4241 4306 4336 4341 4342 4348 4349 4359 4363 4365 4366 4370 4377 4402 4418 4423 4425 4430 4456 4457 4460 4461 4463 4467 4473 4474 4475 4483 4485 4637 4699 4728 4739 4977 4986 4987 4988
40 862 4541 4546
42 130 251 1650
45 3474 3540 3541 4555
46 47 838 2733 3807 4109 4110 4276 4603 4604 4700
55 56 1408 1528 1539
57 156 468 469
59 718 971 973 974 976
61 63 1339 1830 1831
62 86 245 507 866 975 1005 1006 1088 1823 1906 2221 2298 2361 2362 2394 2603 2656 2720 2808 2882 2944 3062 3069 3241 3456 3571 3589 3605 3687 3690 3717 4079 4081 4102 4168 4170 4184 4188 4189 4190 4192 4193 4194 4225 4227 4229 4230 4247 4251 4252 4253 4254 4255 4257 4258 4259 4260 4261 4262 4263 4264 4266 4281 4304 4333 4338 4378 4443 4445 4446 4464 4466 4498 4510 4667
64 666 902 1437 1441 1448 1500 1655 1656 2173 2816 2855 4092 4293 4492 4646
65 67 68 119 497 1411 1412 1479 1581 1599 2097
66 531 532 2085 3115 4221 4599 4705
72 293 407 1152 1188 1393 1394 1395 1515 1658 1804 2102 4123 4124
73 367 1217 1806 1892 3791
75 195 199 200 201 202
77 141 144 149 166 167 205 213 214 215 216 218 228 236 492 614 615 616 617 618 830 831 844 845 1536 1563 1598 1693 1706 1723 1725 1726 1727 1735 1743 1765 1984 2271 2626 2731 3129 3538 3588 3677 4138 4139 4534 4608 4630 4631
79 465 466 858 1230 1825 3071 3292 4240 4407 4488 4506 4666 4713 4714 4715 4716 4717 4718 4719 4720 4721 4722 4723 4724 4726 4729 4731
80 152 535 683 684 1221 1222 1434 1604 1605 1606 1607 2725 2726 2826 2954 3090 4069 4514 4529 4539 4600 4610 4673
81 248 2230
82 444 1103 1136 1137 1138 1140
88 1781 2079
89 425 471 472 651 801 803 804 2784
90 368 1268 2746
92 1865 3162
93 94 95 96 97 104 656 1262 1263 1391 1452 1489 1496 1497 1525 1564 1565 1566 1586 1843 1960 2211 2220 2329 2823 3352 3530 3903 4071 4073 4973
98 99 342 343 345 351 353 375 376 1436 1445 1469 4496 4618
100 101 554 555 815 1381 1382 1454 1645 3616 3617 4074
102 877 878 879 1025 1912 1913
105 1410 2794 3829 4146 4625 4851
106 580 581 1637 1638 3434 3822 4458
107 108 249 678 1731 1803 2071 2072 2073 2074 2077 2080 2084 2091 2092 2098 2099 2100 2837
109 836 1649 3396 3729 4410 4748
110 4053 4989
111 1837 1838 3334 4041 4042 4043 4044 4045 4046 4047 4233
112 280 292 1358 1359 1360 1750 2632 3109 3164 4149
113 118 123 124 126 132 137 140 176 184 357 637 817 1869 1956 2088 2757 3831 4209 4228 4242 4413 4560 4629 4647
115 3610 3611
117 3523 3769
120 3722 4842
121 509 640 1471 1492 3278 3640 4321
122 1235 1236 1406 2197 3034
125 671 1194 2836 3297 4832 4833
127 760 761
131 590 3175 3312 3984
134 680 1280 1281 1739 2178 2213 2270 2950 3545 3707 3942 4032 4573 4574 4575 4576 4577 4578 4579 4580 4581 4582 4583 4584 4585 4587 4588 4589 4590 4591
135 1717 1818 1886 3898 4048
136 1622 1824 1832 1833 1834 1835 1836 2732 3595
138 923 996 1450 1451 1517 1541 1623 1828 2048 2177 2564 3116 3143 3612 3816 4311 4522 4621
139 374 430 1502 1503 1504 1579 1608 3213 4316 4632
142 2297 3303
146 2180 3080 3257 3258
147 3338 3339 3340
148 479 703 868 1341 1526 2779 2780 2783 2785 2786 2787 2790 2793 2802 2804 2815 2818 2819 2821 2822 2827 2828
150 1696 1701 1702 1704 1705 1708 1712 1716
151 1766 3986
153 490 585 782 1878 1996 3852 4928
154 707 916 934 2767 2915 2916 2918 2921 2922 2926 2928 2929 2930 2933 2936 2942 2945 2947 2949 2951 2957
157 158 1044 1045 1748 1752 1757 1760 4329
159 164 659 849 1272 1273 1446 1494 1537 1538 2683 2883 2934 3652 3809 4097 4098 4406 4519 4520
160 305 520 2557 2558 2584 3618 3619 3621 3622 3625 3627 3628 3629 3630 3631 3634 3635 3637 3639 3641 3642 3643 3644 3645 3646 3647 3648
162 1198 2577
163 558 560 1498 2399
165 1769 1773 1778 1779 1782 1783 1784 1785 2523 4297
168 174 177 178 179 4946
169 207 354 829
170 557 2592 2598 3147 4035
171 1771 3200 3415 4926
173 505 506
175 1357 2089 2090 2096
180 584 673 674 1095 1554 2227 3320 4017 4095 4099 4305 4309 4310 4330 4412 4428 4552 4553 4554 4596 4597 4616
181 185 192 1455
182 1677 2631 4270 4324 4543 4735
187 1460 2258 3924 3949 3961 3962 4066 4680
189 481 727 1377 1519 2094 4129 4130 4707 4708
190 719 721 1924 1925 2633 3172 3854
191 1301 1854 1983 2219 3245 3356 3452 3624 3928 4186 4191 4444 4542 4564 4565 4566 4567 4568 4569 4570 4571 4592 4593 4594 4595
194 514 653 654 1562 4093
197 301 304 306 383 392 480 628 630 631 759 814 856 857 889 950 1199 1282 1473 1474 1475 1710 2472 2481 3582 3825 3904 3905 3907 3908 3944 4219 4563 4634
203 2657 2658 2659
206 290 436 1647 1724 2654 4051
208 1729 4790
210 935 1266 1430 1842 2049 2050 2774 2917 3023 4556 4679 4725
211 4822 4823 4873
212 2689 3425 3802
217 1903 1904
220 1573 1698 1993 2777 2817 3368 3369 3450 3472 3475 3476 3477 3478
221 1018 3818 3868
222 321 322 323 324 325 2158 3604
223 712 1590 1591 1592 1593 1594 1595 4908
224 2582 2583 3959
225 747 767 903 2594
227 244 1285 1499 1965 1985 2436 2672 4107 4294
229 389 2469 2470 2507
230 395 402 403 1481 1791 1792 2612
231 1353 4416 4659 4660
232 278 658 2692 2693 2937 3943 4145 4147 4150 4152
235 247 2660
237 600 601 602 681 1203 2549 4153
241 3954 3955 4268
242 806 1000 2183
243 273 427
246 912 1186 1187 2459
252 253 254 255 493 1260 1261 1476 1518 3861
257 319 320 447 544 917 1540 1902 4319
258 1128 1861 2046 2051 2052 3296
259 260 2136
264 2438 2439 2440
266 499 500 2721
269 270 282 2256
272 488 489 846 1253 1298 1890 1891 2234 4061 4114 4115
274 289 4120
277 485 957 958 3190
279 1365 1367 1546 1802 1820 1821 2716 3780
281 423 713 755 1364 1414 1415 1711 1721 1761 1762 1808 1815 2196 2806 2845 4178
286 668 920 928 932 1180 1216 1219 1220 1749 1873 1876 2003 2004 2005 2020 2021 3098 3389 4136 4459
287 1399 1402 1923 2800
294 295 296 297 298 299 310 313 702 1342 1343 3191 3533 3883 4059 4119
303 522 743 770 771 772 773 776 778 784 786 787 788 1288 1868 1927 1990 1994 1997 2722 2960 2961 3367 3583 3584 3800 4158 4301 4388 4624 4683 4914
314 388 450 892 1720 1905 2155 2157 2160 2171 2175 2179 2184 2185 2186 2188 2194 2195 2199 2202 2204 2207 2209 2210 2214 2216 3422
316 2039 2586 4134
329 2203 3048 3674
331 2611 2797 2853 2874 2879 2887 2888 2889 2890 2891 2893 2896 2897 2898 2903 2904 2905 2906 2907 2909 2911
333 334 336 337 340 341 344 347 348 350 611 1337 1338 4151 4382 4384 4385 4386 4619 4620
346 594 595 1789 3783 3784 3785 3787 3788 3789 3790 3792 3793 3794 3795 3796 3797 3798 4931
349 456 2516 3960
352 1245 1863 2135 3727 3730 4019 4020 4021 4022 4023 4936
355 356 386 880 881 882 883 884 967 1066 1067 1111 1893 1979 2323 3473 3486 3681 4226 4512 4513 4609 4753
363 364 365 3527 4101 4768 4934
369 2146 2147 3487
370 758 1610 1611 1614 1911 2170 2478 2735 3985 4710 4711
371 372 373 1267 1640 1682 1934 2387 2464 4265
377 380 2218 2233 2661 3602 3910 4962
378 3810 4078
379 1206 1207 2761 3332
381 382 3180 3968
384 1112 2457 2578 2579 3196 3197 3198 3199 3201 3202 3203 3204 3205 3206 3207
385 1898 1900 1931 2352 2778 3056 3285 3390 3407 3421 3596 3711 3808 3811 3812 3813 3814 3815 3817
391 393 2529 3876
394 1041 3443 3569 3599 3600
397 398 686 688 757 2320 2739 2959 3909
399 722 723 724 1231 1421 1926 1928 1930 1935 1938 1942 1943 2458 2850 3068 3165 4187 4990
400 660 1196 1209 1626 1627 2697 2698 3049 4008
404 406 1908 2243 3126 3893
410 411 669 670 1524 4013
412 3504 3655 3656
413 3120 3121 3179 3181 4239
414 415 416 417 853 2650 4050
418 2649 3095
420 2355 4751
421 685 1852 2801 2884 3455 3777 3778
422 869 2356 2357
424 562 2107 2419 2625 2766 2791 2799 3007 3010 3011 3013 3014 3015 3016 3017 3019 3021 3025 3026 3027 3029 3030 3036 3037 3038 3039 3040 3043 3046 3047 3050 4949
432 694 704 835 1158 2615 2645 4601
433 2998 3233
434 435 4118
437 438 752 2849
440 441 813 822 825 827 4472 4516 4678 4969
442 582 587 749 756 811 904 925 955 984 1049 1050 1054 1084 1085 1250 1520 1533 1596 1597 1609 1674 1742 1888 1889 1894 1919 1975 1995 2013 2128 2163 2236 2244 2341 2342 2360 2375 2383 2384 2465 2482 2495 2535 2569 2585 2671 2717 2723 2724 2734 2788 2805 2852 2858 2864 2931 2991 3022 3070 3074 3082 3117 3186 3208 3219 3234 3284 3294 3394 3464 3471 3512 3547 3560 3636 3653 3693 3716 3872 3890 3915 3920 3921 3941 3957 3958 3973 3989 4002 4004 4009 4062 4179 4531 4628 4662 4698 4706 4761 4762 4764 4765 4766 4767 4769 4770 4772 4773 4776 4780 4783 4784 4785 4786 4787 4788 4792 4793 4794 4795 4796 4797 4798 4799 4800 4801 4802 4804 4807 4812 4821 4824 4825 4826 4827 4828 4829 4830 4831 4834 4835 4836 4837 4838 4839 4840 4844 4847 4848 4850 4852 4854 4858 4859 4860 4863 4865 4869 4871 4872 4875 4879 4886 4887 4888 4890 4901 4909 4911
443 2262 2263 2449 4500
445 709 1208 1734 2616 4669
446 2272 2273
448 3731 3732 4818
449 451 452 454 4222
453 457 1453 1490 1491 2498 2499 2795
455 484 705 732 948 1224 1879 1884 2108 2228 2422 2704 3163 3372 3374 3375 3376 3379 3381 3382 3383 3384 3385 3386 3388 3391 3392 3395 3398 3399 3400 3402 3404 3405 3409 3410 3411 3412 3413 3414 3416 3419 3420 3423 3424 3427 3428 3432 3435 3436 3437 3440 3441 3444 3445 3446 3447 3449 3453 3454 3457 3461 3462 3463 3465 3467 3468 3470 4940 4941 4942
459 2012 3226 3676 3770 4006
461 2288 2289
462 619 926 927 933 1020 1212 1214 1215 1218 1241 1269 1309 1384 1629 1812 2028 2249 2875 3275 3562 3867 4280 4682 4760
463 464 2285 2593
470 2811 2824 2825 3344 3448 3500 3508 3510 3514 3516 3517 3518 4923
473 550 551 639 1153 1175 2229 3279
477 603 604 2339 3295 4313
482 483 2939
487 613 800 3324 3724
494 2363 2364 3875
495 496 1429 1542 1543 1544 1545 4404 4508
498 775 1123 1124 1971 2643
501 579 598 1780 2067 2231 2232 3185 3302
502 596 1172 2496 2497 4014
508 2528 2768 3235 4870
510 645 921 924 1331 1385 1386 1633 1814 2008 2009 2014 2015 2016 2018 2351 2565 4103
511 1310 1794 1795 1796 4173
512 578 1134 2540 3991
513 847 848 1083
515 516 3768
518 2296 4455
519 1777 3660
521 1439 1921 2515 4779
523 897 918 919 1174
524 525 622 1602 3144 4521
526 2348 3358
527 1467 4549 4550 4551
528 1148 1678 1683 1685 1686 1688 1689 1690 1691 1694
530 2526 3971 3972
533 534 1119 1189 2123 4077
536 821 1799 1800 1801 2078 3343
537 1618 1619 3493
538 1428 1512 1513 1514 3495 3513
539 1603 2315
540 1076 1077 1320 2503 2676 2677 2679 2680 2682 2684
541 796 797
546 783 3134
547 1864 2392 2393 2536 3218 4234
548 549 2075 2083 3864
553 906 907 908 909 2300 2301 2710 2851 3426 4038 4067 4284 4285 4654
556 1549 1551 1552 1557 1559 2958 3214 4438
561 1252 3188
563 564 3035
565 583 876 1072 4121
567 1071 1100 1131 1239
568 3503 3515 3568 4547
571 675 676 3093 4429
572 573 4302 4303
574 896 963 1271 2752 3408 3525 3953 4049 4548 4627
575 576 1057 1058 4401
577 2225 2226 4970
591 592 593 781 1051 2605 2606 2846
605 607 608 1064 1065 1122 1157 1946 2328 2686 2687 2729 2878 3009 3044 3054 3113 3330 3433 3626 3720 3858 3983 4162 4169 4177 4248 4250 4298 4307 4337 4362 4403 4454 4468 4469 4470 4471 4504 4557 4612 4613
612 1992 2571 3886
620 621 999
623 624 625
626 627 3682
629 1166 2782 3058 3059 3060 3061 3063 3064 3066 3067 3072 3073 3075 3076 3077 3078 3084 3085 3088 3089 4905 4929
632 633 650 1021 1159
636 1866 1867 1870 1872 1875 3083 3171 3651 3823 3826 3827
641 682 1378 1379 1547 1630
647 648 649
655 1631 1632 2834 2989 2990 4231 4910
657 691 895 1624 2054 4414 4415
662 664 716 717 1578
663 4648 4897
665 785 3150 4945
672 1909 2638 3193 4117 4424 4493
677 728 2275 2304 2553 2630 3177 3373 4361 4968
679 1897 3594
689 690 1396 1397 1535 1616 4057 4058 4131
693 738 739 740
695 696 3111 3873 4126 4174 4663
699 2006 2007 3880
710 711 2755 2756 2977
714 715 1847 4746
725 726 1147
729 4661 4684
731 2488 2489 3881
735 736 1398 1461 4296 4360 4611
737 1567 1859
744 1621 4747
745 1317 1318 2588 3889 4075 4076
746 1850 1851 2663 3882 4943
751 1486 1487 1585 1976 3782 3931
753 1505 1507 3401
762 763 2321 4335 4379 4380 4736 4737 4741
764 765 1918 2473 3125
766 1118 2024 2525 2844 4538
774 1009 1582 1583 1584 3261
777 1007 1008 2531 2532 2832
780 1254 1255 1295 2367
789 790 1290 1302 1829
791 792 793 2010
794 795 3771 3821
799 1060 3979 3980
805 1197 2032 2287 4080
807 3282 4742
808 1213 1242 1350 1368 1371 1531 1718 2030 3033 3146 3353 3577 3865 4237 4396 4517
812 898 2307 2908 3301 3309 4809
816 818 819 820 1695
824 1243 3006 3830
832 2776 3871 4322
834 1035 1036
837 1311 1312 2873
839 840 841 842 894 1163 1259 2001 2002
843 929 954 1862 2520 3041 3251 4171 4176
850 2997 4709
851 1332 1333 1334 1336 2456 4212
860 1376 1989 1999 2451 2452 3055 3270 3459 3549 3550 3551 3552 3554 3555 3556 3557 3558 3559
861 863 865 2622 2623 2634 2640 4985
870 1113 4756
874 1574 2181 2264 2265 3659
887 888 1142 4486 4487
891 946 2453 2644 3311 3366
899 900 1037 1038 2313 4664
901 2141 2142
913 2239 2240 3874
914 1078 1079 1964 4235
915 1380 2058 2059 2061 2069 2070 2208 2750 3008 3128 3877 3878
922 1715 1764 1855 2025 2027 3970 4133
930 947 1822 2379 2380 3280 3745 4026 4027 4029 4030
931 2404 2405
936 951 952 1130 1874 2036 2938 3176 4246 4672
937 938 941 2524 2895
939 940 1639 2031 2174
942 943 1156 2769 2848
944 1063 1929 1968 3598
945 1362 3123 3728
953 1102 2892 3658
956 3310 3526 4070 4491 4920
961 3746 4545
962 2166 3222
968 969 2269 3832
972 1080 1081 1082 1181 2803 3680 3753 3754
980 1291 2133 2286 3187 3335 3479 3524 3853
981 982 983 985
986 1170 1171
987 988 2829
989 2312 2314 2316 2759 4290 4639
990 991 992 993
995 2326 2327
997 3779 3834
998 2411 4755
1003 1004 1059 2986
1011 1012 1048 2189 2257 2340 2869
1013 1303 3498
1014 1709 2242 2500 2501 2550
1015 1016 1017 1289 1355 1356 1442 1787 1845 4172
1019 1248 1249 1527 3586
1022 1321 1369 1370 1530 2694 3112 4068 4537
1024 4072 4195 4433 4511
1027 1740 4668
1029 1030 1031
1032 1270 2468 2820 4371 4431 4432
1034 1463 1464 3260 4449
1039 1040 1936 3350 3351
1042 1043 1106
1046 1047 1169
1052 1053 1055 1161 1162 1521 1522 1523 1955 4523
1061 1062 2280 2996
1068 1069 1813 1816 2165 2395 2396 2397 2398
1070 1073 1074
1075 1190 2200 2424 2425 2427 2428 2429 2430 2431 2432
1086 1087 3899
1089 1941 4052 4132
1090 1091 1433 3178 3749
1094 1104 1105
1098 1099 2277 2278 4861
1101 1125 3354
1107 2037 2038 3250 4308
1114 3845 3919 3990
1115 1116 1117 1895 3145
1120 1121 2596
1126 1127 1129
1132 1133 2076 4465 4889
1135 1192 2047 3917
1139 2310 2311 2385
1141 1178 1179 2742
1143 1144 2222
1150 1151 2902
1154 1155 1728 4758
1160 3744 4536
1164 2744 2745
1167 1168 2322
1173 1841 3336 3337 3987 4691
1176 1177 1444 2462 2863 3566 3567
1183 1184 3326 3327 3328
1204 2941 3666 3667
1205 2023 3252 4208 4655 4656 4657
1210 1211 2433
1223 2172 3130 4816
1225 4643 4774 4775 4777
1226 2022 2119 2455 3786 3913 4605 4606
1227 1228 1229 1237 2589
1232 1233 1234
1238 1313 3137
1240 4196 4462
1244 2872 4670
1247 2642 2678 3081 3363 3364 3365 4476 4922
1251 2833 4727 4867
1264 1265 4183 4757
1276 1277 1319
1283 3170 3269
1284 1700 2063 2295 2901 3900 4105 4106 4497
1286 1287 2562 4018
1292 1681 2969 3028 3220 3221 3223 3224 3225 3227 3228
1296 1440 1675 1676 1856 2034 2740 2741 4562
1299 1300 3843
1304 1305 1306 1316 2807
1307 3189 4314 4315 4855
1308 1767 2153 2154
1314 1315 2120
1330 2104 2336 3053 3397 3430 3431 3519 3840 3922 3925 3926 3927 3929 3932 3933 3934 3935 3936 3937 3938 3939 4935
1351 1383 3313 3314 3315
1352 1793 2437 3141 3442 3488 3613
1363 3168 3169
1372 2042 4644 4645
1374 1375 2369 2713 4390
1388 1435 1477 3914 3974
1401 1456 1457 1978
1403 2487 2709 2876 2877 3528 4966
1405 1422 1423 1424 1425 1426 1427 1589 1915 2276 4025
1407 2719 2743 3888
1409 1493 1839 3052 3429 3483 4675 4676
1416 1418 1967 2675
1438 2513 2514 3820
1443 3020 3833 4108
1458 2259 3977 4100
1465 1846 1848
1480 3615 4063
1488 2491 2492 3819 4282
1534 2284 4750
1548 1679 1744 2738 3265 3534 3862 3863
1553 1652 1977 2260 4685
1560 1969 1972 4364
1568 1569 4490 4810
1576 1577 4408 4501
1587 3870 4060 4064 4687 4692
1588 1737 1763 3543
1600 2066 2758 2946 3734 3735
1601 3869 4113
1612 1615 4447
1613 2830 2831 2867 4087
1625 3155 3156 3157
1641 1642 1751 2559
1643 1644 4012
1659 1660 1661
1662 2962 2963
1663 1665 1666 1667 1672 1849 4374 4375 4376 4544 4744
1668 1669 1670 1671 2943 3122 3281 4090
1684 2485 2486 2534 4881
1687 2772 4845
1692 3764 3765 3969
1713 2350 3614 3799 4135 4155 4157
1714 2129 4011
1719 1722 1732
1730 4515 4843
1736 2057 3380 3649 3657 3663 3678 3683 3684 3685 3686 3688 3689 3696 3697 3700 3701 3704 3705 3706 3708 3709 3710 3712 3713 3714 3715 3718 3719
1745 3347 3632 4085 4086
1746 2161 3100 3101
1753 1754 3136 4862
1755 2870 2871 3505
1758 2587 4318 4489
1774 1980 1981 1982 1986
1805 2305 2306
1807 3236 3739 4900
1810 1811 3982
1817 3194 3418
1844 2454 3051 3672 3673 3842
1858 1940 2567 2860 3665 4142 4143
1871 2574 2651 2705
1881 2101 3243 3721
1882 3553 4339 4518
1885 2974 3322 3323
1887 2551 2760
1910 2381 2382 3892
1914 2134 2266 2267
1922 2652 2653 3003
1944 1945 1949 1950 1951 1952 1953 1954
1957 1958 1959
1961 2859 3096 3097 3801 3951
1963 2674 4154 4633 4701
1966 2162 2279 2999 3232
1987 2789 3633 4638 4912
1991 2215 2358 2359 2539 2748 2749 3239 3242 3268
1998 2000 2019 3139 3140 3271 3603
2017 2434 2435
2033 3183 3184 4372 4635 4636
2041 3507 3531 3532 4125
2043 3325 3466 3606 3607 3608
2056 2856 4417
2064 3158 3159
2068 2669 4180 4283 4694
2110 2111 2113 2114 2115 2116
2122 2838 2839 4527
2124 2775 3142 4398 4399
2125 2126 2970 3844
2137 2412 2688 3127
2138 2149 2150 3895
2139 2140 3491
2143 2144 2461
2145 4688 4689
2156 2910 3253 3254 3255 3256 3262
2167 2504 4819
2168 2521 3572
2169 2366 3601
2176 2237 2238 2519 2655 2927 3348 3359 3544 3585 3593 4001 4441 4442
2182 2885 4693 4782 4813 4814 4815 4817
2191 4882 4891
2193 2613 2614
2198 3273 3274 4340 4509 4615 4623
2201 2781 4586 4703
2205 2353 3668 3669
2212 3124 3319
2223 2224 2471 4898
2245 2246 3104 3105 3723
2247 2248 3192
2250 3403 4975
2251 2252 2253
2254 2255 2714 2715
2302 2303 2505
2308 3502 3695 3916 3966 4820 4868 4878
2324 2920 3662
2331 2332 2333
2365 2566 2568 3522
2371 2372 3244 4218
2390 2391 3581
2402 2403 4677
2407 2408 2409 2410
2420 2421 2854
2426 3079 3103 4686
2441 2442 4883
2444 2445 2617 4088
2448 2463 2527
2475 2476 2570 4028
2483 2484 4532
2493 2494 3609
2510 2511 3267 3592
2542 2543 2544
2552 2621 2952 2953
2572 2573 4811
2575 2576 4846
2590 2591 3759
2595 2899 2948 3387 4880
2597 3912 4089
2600 2601 2602
2664 2665 3654
2666 2667 2668 3857
2670 3152 3153 3154 3291
2681 3355 4763
2690 2691 3000
2703 2925 3135
2708 3333 3975 3976 4841
2751 3757 3758 4400
2762 2763 4499
2809 3737 3738 4702
2812 3824 3828 4096
2814 3272 3587
2865 2866 3511
2868 3209 3210 3349 4561
2886 3229 3230
2900 3031 3981 4974
2935 4944 4959
2940 4409 4995
2973 2975 2976 2978 2979 2980 2982 2983 2984 2985 4952
2992 2993 2994 2995 3318
3012 4104 4453
3032 3331 3675
3045 3835 3836
3106 3879 4353 4933
3107 3108 4015 4016 4112
3131 3132 4213
3160 3161 3846
3195 3995 3996 3997 3998 3999
3212 3378 3501 4853 4876 4877
3288 3289 3290
3298 3750 3751 4530
3316 3317 3341 3342 4223 4921
3362 3661 4010
3377 3930 4885
3393 4525 4526
3480 3481 3482
3489 4477 4805 4893
3561 4917 4918 4919 4930
3570 3902 4312 4558 4993 4994
3574 3575 3576
3591 3620 4343 4344
3623 4906 4907
3670 3671 4000
3743 3760 3761
3752 3855 3856
3781 4024 4803
3805 3806 4895
4055 4327 4328 4389
4288 4291 4292
4295 4299 4300
4434 4435 4436
4502 4503 4674
4732 4991 4992
4771 4892 4894
4781 4789 4913
4902 4903 4904
4937 4938 4939
7
29
34
35
43
48
49
83
84
114
116
155
204
226
233
240
250
262
263
291
302
338
366
408
409
426
458
460
474
475
476
542
543
545
566
586
588
589
609
610
634
638
642
652
687
692
698
700
730
742
748
768
809
810
872
873
875
885
893
959
960
979
994
1001
1002
1010
1092
1093
1108
1109
1110
1146
1185
1191
1193
1195
1201
1202
1256
1257
1274
1275
1278
1279
1322
1323
1324
1325
1326
1327
1328
1329
1340
1346
1361
1419
1432
1447
1462
1470
1485
1509
1510
1511
1556
1575
1580
1628
1635
1636
1653
1657
1707
1733
1741
1759
1770
1775
1788
1790
1809
1827
1840
1853
1860
1880
1899
1901
1907
1916
1917
1932
1933
1937
1948
1962
1973
2045
2081
2082
2121
2127
2130
2132
2159
2164
2192
2206
2217
2261
2268
2281
2282
2283
2290
2291
2292
2293
2294
2318
2319
2334
2335
2337
2338
2346
2349
2354
2370
2373
2374
2377
2378
2386
2388
2389
2400
2401
2406
2413
2414
2415
2416
2417
2418
2423
2443
2446
2447
2450
2460
2466
2467
2474
2477
2479
2490
2502
2506
2508
2509
2517
2518
2537
2538
2541
2545
2546
2547
2548
2554
2555
2556
2560
2561
2563
2580
2581
2599
2604
2607
2608
2609
2610
2620
2639
2662
2695
2696
2701
2702
2706
2707
2711
2712
2718
2727
2728
2730
2736
2737
2747
2753
2754
2764
2765
2770
2771
2792
2798
2810
2813
2835
2840
2841
2842
2843
2847
2861
2862
2880
2912
2913
2914
2924
2955
2964
2965
2966
2967
2968
2971
2972
2981
2987
2988
3001
3004
3005
3018
3042
3057
3065
3086
3091
3092
3102
3114
3118
3119
3133
3148
3149
3151
3166
3167
3173
3174
3215
3216
3237
3238
3240
3247
3248
3259
3276
3277
3283
3286
3299
3300
3304
3305
3306
3307
3308
3321
3345
3346
3360
3361
3370
3371
3417
3451
3469
3484
3485
3490
3492
3494
3496
3497
3509
3520
3521
3535
3536
3537
3539
3542
3548
3563
3564
3565
3573
3578
3579
3580
3590
3597
3638
3698
3702
3725
3726
3733
3736
3740
3741
3742
3748
3755
3756
3762
3763
3766
3767
3773
3774
3775
3776
3803
3837
3838
3839
3847
3848
3849
3850
3851
3859
3884
3887
3891
3894
3896
3897
3901
3911
3923
3940
3945
3946
3947
3948
3993
3994
4003
4005
4031
4140
4141
4156
4163
4175
4181
4182
4200
4201
4204
4205
4217
4224
4249
4267
4271
4272
4286
4287
4317
4320
4326
4331
4334
4346
4347
4350
4351
4354
4356
4373
4392
4393
4394
4397
4405
4411
4419
4421
4422
4426
4427
4440
4448
4450
4451
4452
4484
4494
4495
4528
4559
4572
4598
4607
4614
4617
4622
4642
4665
4671
4690
4695
4696
4697
4712
4730
4733
4738
4740
4745
4749
4752
4754
4759
4778
4791
4806
4808
4849
4856
4857
4864
4866
4874
4884
4896
4899
4915
4916
4924
4925
4927
4932
4947
4948
4950
4951
4953
4954
4955
4957
4958
4960
4961
4964
4965
4971
4972
4978
4979
4981
4984 
