1 2 257 262 319 320 447 544 1300 1318 1346 1540 1568 1902 3066 3069 3612 4054 4121 4148
3 4 204 832 1056
8 1511 2308 2309 3804 4420 4505
10 11 14 69 133 271 276 317 486 529 720 802 871 911 1145 1345 1349 1387 1389 1392 1400 1404 1417 1431 1472 1478 1529 1532 1651 1673 1680 1756 1819 1826 2011 2044 2103 2105 2112 2190 2245 2376 2618 2627 2637 2646 2700 2857 2919 3024 3035 3211 3217 3506 3529 3546 3679 3699 3885 3956 4137 4164 4165 4206 4210 4236 4273 4524 4533 4602 4704 4743 4963 4980 4982 4983
15 16 17 18 734 905
19 20 21 22 23 327 358 359 360 361 362
26 239 477 1816 1923 2165 2799 2884 3407 3821 4956
431 2322 2550 2940 4197
28 29 30 1797 1920 2035 2087 2923 3703 4159
31 32 33 197 294 295 297 300 301 304 306 307 308 309 311 312 392 480 504 628 630 631 759 814 856 857 889 1199 1282 1343 1395 1473 1474 1475 1710 2252 3825 4124 4219
36 37 335 524 1372 2042 2699 3099 4644 4645
38 39 40 43 44 61 62 1499 2227 4319
41 58 60 145 186 219 256 265 315 330 332 338 339 429 439 440 467 491 558 559 635 643 692 706 741 769 855 890 1026 1089 1097 1165 1258 1297 1354 1459 1462 1550 1556 1561 1620 1621 1648 1652 1665 1699 1877 2093 2148 2235 2325 2533 2536 2619 2870 2932 3094 3266 3287 3307 3329 3438 3810 3861 3950 3952 4039 4056 4065 4110 4217 4336 4347 4370 4377 4451 4453 4460 4461 4483 4486 4739
42 251 1334 1650
46 47 924 1805 2305 2306 2733 3401 3807 3831 4109 4276 4604
49 473 474 1046
51 52 53 54 63 478 1218 1558 2187 4174
57 87 2213 3292
59 368 718 971 973 974 976
1339 1767 3112 3139 3314
65 66 67 68 119 1069 1411 1599 2097 2161 2177 2206 2215 3422 3568
74 390 527 854 977 1398 1448 1467 1697 2657 4549
75 76 77 141 144 149 167 213 218 228 236 492 614 615 616 687 831 844 845 1485 1536 1563 1598 1723 1765 1984 2731 3538 3588 3677 4534 4630
78 109 266 500 1649 2721 2761
80 152 683 684 1221 1222 1434 1604 1605 1606 1607 2726 4069 4514 4539 4600 4610 4673
712 1590 1591 1593 1594 1595 1597
86 605 607 1065 1122 1157 1860 1946 2328 2687 2861 2878 3054 3330 3720 3858 4079 4162 4168 4169 4248 4250 4251 4307 4362 4389 4403 4469 4522
90 253 1268 2746
93 95 96 97 101 104 400 656 950 1022 1185 1380 1382 1391 1403 1413 1452 1489 1495 1496 1524 1526 1564 1566 1602 1843 1960 2329 4068 4071
94 515 516 627 1586 3768
98 99 342 343 345 346 350 351 353 371 375 376 1337 1338 1521 1640 4496
100 554 555 1454 1645 1692 4499
107 108 249 445 678 1379 1803 2071 2073 2078 2092 2098 2099 2549
110 303 522 771 773 776 778 786 787 788 1288 1994 1997 2960 2961 3357 3583 4158 4301 4624
113 117 118 139 168 176 205 357 617 817 830 1527 1869 1956 2088 2757 3486 4413 4560
114 2912 3745 4456
122 1236 2024 2844 4538
125 1194 2836 3297
127 760 944 945 1362 3123 3728
128 2643 2762 3483 3899 4216 4234 4243 4353 4355 4358 4976
134 2178 2270 2950 3316 3545 3707 3942 3994 4032 4574 4575 4576 4577 4578 4579 4580 4581 4582 4583 4585 4586
135 1446 1717 1886 2096 3898 4048 4501
154 163 299 502 560 640 799 1262 1713 1929 2005 2022 2487 2935 2941 3503
159 164 659 1272 1273 1432 1494 2683 2883 3652 3809 4097 4098 4519 4520
162 1198 1244 2577
169 355 356 880 881 883 884 1979 3681
170 509 556 557 1003 1071 1100 1283 1471 1492 1776 2592 2958 3640 3668 4035
171 1625 1771 2412 3155 3157 3415
173 506 539 655 1357 1416 1418 1603 1631 1635 1967 2990
179 180 374 430 584 673 674 1502 1503 1504 1554 1579 1608 2521 3213 4089 4309 4310 4316 4412 4428 4552 4616 4632
187 3924 3949 3962 4066
189 194 727 4050
191 1301 1983 2219 2331 3245 3356 3452 3624 3702 3928 4186 4191 4564 4565 4566 4567 4568 4570 4571 4572
196 1484 2483 2484 3458 4532 4558
206 210 613 998 2147 2273 2363 2411 2511 4755
212 2596 2689 3802
216 543 1081 1409 1512 2388 2946 3676 4938
217 243 273 278 280 287 427 1360 1361 1476 1808
230 232 395 402 403 1791 1792 2612 2812 2814
234 293 407 1152 1188 1393 1394 1804
241 461 1535 3954 3955
242 806 1000 2183
246 565 912 1186 1187
248 250 1914 2230
263 264 1296 1440 1587 1675 1676 3345 3623 3870 4064 4687 4692 4906
267 269 270 286 291 292 1219 1330 1787 1873
316 719 721 805 1959 2135 4134
321 322 323 324 2158 2698 3604 4884
333 334 337 344 347 348 611 4619 4620
363 364 365 2578 3200 3527 4101
369 1020 1251 1269
1014 1709 2500 2501
391 393 653 1562 2529
397 398 399 722 724 1926 1930 1938 1943 3165 4990
404 406 1908 2243 3126
412 2074 2102 2106 2109 2110 2111 2114 2115 2116 2117 2118 3655 3806
437 438 752 2849
441 1266 1842 2049 2050 2774 2917 3023 4679
444 813 822 825 827 828 1103 1136 1137 1138 1139 1148 2241 4472 4969
457 530 1490 1491
485 958 1254 1255 1295 2086 2977
488 489 498 846 1123 1124 1890 1891 4061
495 496 1429 1542 1543 1544 1545 1998
501 579 598 1780 2067 2231 3185 3302
512 578 2540 3991
519 1777 2083 3660 3661
531 532 2085 4599 4705
533 534 941 1119 1189 2123 4077
546 547 783 990 991 992 993 994 1018 3134 3722
548 549 1240 4196
705 3451 4422 4637
981 982 983 985 986
586 588 589 999 2477
587 756 811 984 1049 1533 1888 1894 1919 2244 2341 2342 2384 2495 2569 2671 2717 2723 2734 2805 2864 2991 3074 3186 3208 3471 3560 3653 3693 3716 3921 3957 3973 4062 4531 4628 4698 4706 4762 4764 4767 4783 4784 4785 4787 4788 4794 4796 4798 4799 4827 4828 4831 4848
591 592 593 781 1051 1090 2605 2846
602 801 803 804 2784
808 1213 1242 1350 1368 1371 2030 3577 4237 4517
632 633 650 1021 1159 1223 2172 3130 4816 4819
641 682 1378 1547 1630
666 902 1441 1500 1655 1656 4092
1463 2897 2906 4943
677 728 2275 2304 2553 2630 3177 4968
737 738 739 740
695 3873 4126 4663
714 715 1847 2343 4746
735 736 4296 4311
758 1610 1611 1612 1911 2478 4710 4711
764 1918 2473 3055 3125
766 1118 2104 2525 3052 3053
789 790 793 1290 1302
839 840 841 842 1163 1259 2586
843 1010 1841 3041 3251 4171
870 1113 1114 4756
3219 3394 3872 3941 3989 4527 4545 4771
906 907 908 909 2851 3426 4067 4284 4285
922 1764 1855 2027 3970
936 951 952 2036 2938 3176 4672
937 938 2524 2895
963 1271 2247 2914 4548 4627
1011 1012 1048 2189 2257 2340
1032 2468 4371 4431 4432
1052 1053 1161 1162 1522 1523 4523
1284 2295 4105 4106
1291 2133 3524 3853
1399 1401 1456 4295 4299 4966
1423 1424 1425 1426 1427
1458 2259 3977 4100
1662 1670 1671 1672
1745 3212 3347 3378 3501 3632 4085 4086 4853 4876 4877
1793 2437 3488 3752
1871 2310 2311 2385
1963 2674 4016 4154 4633 4701
1966 2162 2279 3232
2137 2138 2688 3127
2156 2910 3253 3254 3255 3256
2407 2408 2409 2410
2454 3051 3485 3672 3673
4779 4781 4789 4913
2751 3195 3757 3758 3874 4400
2869 3045 3835 3836
3317 3341 3342 4921
3561 4917 4918 4919
3570 3902 4993 4994
3695 3916 3966 4878
3995 3996 3997 3998 3999
