1 5 7 8 9 10 11 14 15 25 26 28 31 32 170 173 175 176 178 355 443 2266 3506 3536
2 7 8 16 17 25 173 176
3 351 444 882 2182 2271
18 19 20 21 23 404 407 412 417 419 1176 1778 1924 2061 2517
271 411 412 1831 1925
29 39 54 69 107 109 475 479 480 493 555 556 590 591 603 610 620 1267 1323 1438 1525 1526 1527 1828 1849 1883 2086 2821 3344
7 296 356 367 371 375 379 380
34 174 176 179 3506
40 42 57 60
48 49 50 51 65 68 118 254 255 977 1173 1402 2079 3957
55 73 468 585 2215
64 523 529 663 664 1477 1590 2217
70 191 192 193 194 205 206 207 208 209 210 211 212 476 553 601 643
71 518 568 607 710 717 726 930 1421 1616 1839 1908 2484
72 89 1502 2593
76 660 1054 1122 1123 1277 1307 1308 1488 2099 2106 2107 2200 2727 3588
78 79 80 399 679 689 1916 2431
81 721 862 984 1525 1526 1625 1939 1940
84 85 137 165 753
90 1186 2993 3411 3818
91 1657 1659 1671
92 518 519 607 617 618 630 678 692 694 699 703 710 717 725 726 732 845 892 893 894 928 929 944 945 949 952 953 954 1060 1061 1084 1089 1148 1149 1195 1426 1454 1456 1462 1572 1600 1616 1688 1784 1839 1872 1875 1908 2423 2431 2466 2488 2536 2554 2600 2601 2602 2603 2748 2828 2841 2930 2931 3035 3041 3351 3360
95 820 1778 1790 3505
99 1018 1057 2256 2257
100 1059 1548 3359 3367 3583
103 872 935 1293 1295 1421 1670 3139
104 111 119 652 848 874 883 1291 1994 1996 3019 3143 3618
105 531 616 619 629 631 754 755 756 878 1865
110 396 606 677 685 686 2003 2004 2055
115 289 290 291 292 293
117 505 699 1456 1616 1839 1907 1908 2554 2646 2649 2911 2933 2934 2968 3319 3429
122 181 283 697 802 803 804 819 836 860 1089 1090 1170 1188 1189 1190 1191 1328 2027 2028 2416 2425 2589 3195 3288 3618
124 132 134 153 847 1976
139 144 159 964 1339 1502 1612 1691 1899 2593 2837 2843
143 1708 2074 2949 3056
145 236 448 606 1199 2984
146 147 428 440 572 1014 1042
155 156 1119 1120 1121 1490 3541
157 1539 1987 1988 1989
167 168 587 920 1459
183 188 545 546 547 549 883 1041 1055 1276 1305 1373
184 425 426 427 428 429 430 431 432 433 434 435 437 438 439 440 458 526 899 967 1198 1201 1224 1255 1304 1366 1684 1749 1978 2254
195 196 237 238 239 240 241 242 243 600 771 1282 2429
197 199 200 201 202 528 715 716 1482 2658
213 214 306 309 463 464 902
217 507 2418 2634 2685
222 223 224 225 226 232 1949
224 624 666 1480 1481 1826 1853 1885 1947 1949 3343
233 582 584 2593 2598
235 303 381 451 605 606 650 1463 2055 2330 2533
245 358 2228 3539
246 247 248 249 250 251 252 253 688 997 1007 1138 1214 1281 1297 1379 2553
263 264 412 2523
277 315 400 1889 2005
285 286 482 1169 1318 1715
288 446 563 796
297 593 1033 1155 1163 2680 2859
298 346 370 371 373 375 376 377
304 305 306 307 308 310 311 313 554 600 602 603 681 1728 2927
316 352 399 637 638 639 640 642 651 689 690 708 711 825 827 903 940 941 1320 1321 1878 2431 2983
368 378 2300 2303 4283
382 1290 1431 1511 1724 1772 2098 2187 2864 3857 4058 4059 4060 4061
383 385 387 400 455 1469
386 456 1340 1362
388 389 390 391 392 393 394 395 924 925 926 2032 2188 2189 2314 2607 3724
406 407 412 413 1833
436 1164 1224 1697
454 465 826 1034
461 748 918 1051 1052 1053 1830 1870 2043
466 467 504 570 772 791 1896 4345
470 491 492 493 494 495 1285 1347 1594 2219 2248 2249 2570
471 472 690 1556
474 498 499 1043 1044 1068 1069 1973 2338 2498 2651 2655 3670 3753
592 672 851 1035 1036 1037 1134 1161 1415 1439 1578 1620 1663 1807 1808 1811 2212 2572
488 1072 1077 1078 1079 1080 2223 2224 2225 2789 3987 4309
496 497 905 906 907 908 909 910 987 988 989 1045 1211 1261 1453 1959 2154
501 1205 1207 1208
502 597 598 1127 1128 1873
503 544 724 797 1038 1039 1055 1133 1253 1897 1928 1930 1935
152 510 511 512 513 576 578 579 900 901 993 997 999 1007 1012 1013 1073 1093 1097 1098 1099 1100 1101 1141 1142 1160 1214 1982 2026 3006
516 676 2453 3602
517 1178 1991 2655 3486
522 1158 1673 1674
532 533 1001 1007 1074 1209 1212 1214 1280 1297 1353 1358
536 913 1275 1496 1656 1992 2415
479 541 1181 1434
549 563 773 774 1030 1031
551 806 879 1493
565 566 567 608
577 993 996 997 998 1007 1087 1138 1156 1213 1214 1297 1563 2604 2762
580 581 583 1445 1888
611 738 739 1088 1259 1260 1862 2915
621 622 1047 1060 1165 1440 1598 1943 2746 3966
623 632 1368 1369 2699
625 648 1468 1705 1706 1712 2006
915 1558 1662 1937 3035
635 636 1857 3007 3986
644 1771 2030 2485
670 671 1289 1951
673 674 3474 3805
680 682 683 684 711 717 757 921 962 3880
695 696 950 1684 2279
700 701 707 708 832 1342
727 805 840 988 989 990 991 992 993 994 1004 1005 1006 1152 1210 1211 1332 1403 1435 1453 1464 1471 1910 2285 2286
742 743 1349 1576 2917 3060 4362
744 2125 2297 2621 3668 3710 4284 4285 4337 4339 4345 4348 4349 4350 4351 4352 4353
765 766 854 1126 1311 1312 1503 1581 1693 1842 2594 2681 2686 2699 2812 2821 2845
778 779 835 960 1150 1557 1882 2575 3067 3885
790 799 1359 1595 2850 3632
807 808 1302 1528 1817
811 1445 1863 3661 4193
816 817 818 2910 4217 4218
821 1008 1010 1357
828 829 830 1080 2113 2114 2311 2312 2789 2988 3300 3335
844 866 1220 1439 1620
852 853 1147 3067
857 858 1618 2660 2776 2777 2778 2779 2923 2924
870 972 973 2799
895 896 897 1158 3483
916 2080 2548 2802 3570 3589
931 1647 1648 1649 1650 1651 1652 1788
933 2455 3714 3776 3777
943 1273 1274 1329 1356 1412 1413 1414 1631 1766 1806 2214 2289 2792 2803 2808 2833 3295 3450
957 958 1102 1106 1107 1108 2103 2127 2367
959 960 961 1023 1608 1609 1689 2503
966 1605 2810 2811 2916 2937
1002 1003 1045 1264 1265 2222 2458
1019 1020 1021 1023 1821 1834 1879 1963 2947 3000
1929 1931 1932 1933
1064 1065 1066 1067 1070 1071 1268 2261 3096 3565
1103 1104 1105 1108 1109 2166 2518
1111 1112 1113 1114 1115 1116 1117 1487 1660 1761 1812 2072 2073 3679
1118 2072 2785 2786 3419
1129 1130 1230 1490
1135 1222 1744 1953 1954 2022 2023 2080 2388 2803 3070 3276
1145 1146 2796 2825 3045
1179 1990 2206 2453 2652 2653 2654 2655 3752 3753 3754 3774 3863 4280
1226 1227 2072 3821
1283 1284 1633 2277
1372 2469 2486 2487 2999 3330 3587
1375 1681 2804 2893 2976
1436 1437 1461 1975
1474 1740 2597 2855
1505 1669 2769 2826 2979 3212
1509 1627 2877 3574
1568 1569 1570 2057 2142 2265 2504 2505 2506 2507 3011 3769 3890 4117
1642 1643 2314 4327
2012 2758 3049 3051
1794 1795 1961 1963 1967
1801 1802 1803 1804 1805 2341 2345 2360 2398 2399 2400 2403
1614 1903 1905 1906 2354 2502 3339 3340
2076 3198 3633 3634 3635
2078 2201 2555 3277 3278 3279 3921
541 2121 2909 3877
2161 2162 2177 2178 2179
2329 2424 2541 2881
2389 2639 2720 2873 3038
2405 3201 3494 3869
2419 2420 2724 2725 3608
2454 2636 2637 3022 3447 3567 3795 3835 3851
2471 3729 3808 3928 4314 4315
2590 3101 3102 3108 3109 3195
2679 3172 3173 3192 3193
2570 2689 2728 2809 2813 3994
2704 2723 2806 2807 2840 4196
2734 2793 3177 3214 3215
2863 2939 2982 3136 3137 3138
4124 4125 4126 4287
