1 10 11 14 15 26 28 178 443 3536
2 7 8 16 17 25 173 176
3 351 444 2182 2271
18 19 20 21 404 417 1924 2061 2517
271 411 412 1831 1925
29 39 54 69 107 109 475 480 555 556 590 591 610 620 1438 1527 1828 1883 3344
7 296 356 367 371 375 379 380
40 42 57 60
48 49 50 51 65 68 254 255 977 1173 2079
55 468 585 2215
64 523 664 1477 2217
70 191 192 193 194 205 206 207 208 209 210 211 212 476 643
71 518 568 607 710 717 726 930 1421 1616 1839 1908 2484
72 89 1502 2593
76 660 1123 1277 1307 1308 1488 2099 2107 2200
78 79 80 679 1916
81 721 1939 1940
84 85 137 753
90 1186 3411 3818
91 1657 1659 1671
92 518 519 617 618 703 717 845 893 928 929 944 945 949 952 953 954 1060 1061 1089 1148 1149 1195 1426 1454 1462 1572 1600 1616 1688 1784 1839 1872 1875 1908 2423 2488 2600 2601 2602 2603 2748 2828 2841 2930 3035 3041 3351 3360
99 1018 1057 2257
100 1548 3367 3583
103 1293 1670 3139
104 111 119 652 848 874 3019 3143
105 531 616 619 629 754 755 756 878
110 396 677 685 686 2003 2004
115 289 290 291 292
117 505 699 1456 1616 1839 1907 2649 2911 2968 3429
122 181 283 697 802 803 804 819 836 860 1089 1090 1170 1188 1189 1190 1191 1328 2027 2028 2416 2425 2589 3195 3288 3618
124 132 134 153 847 1976
139 144 159 1339 1612 1691 1899 2837 2843
143 2074 2949 3056
146 147 428 572 1014 1042
155 156 1119 1120 1121
157 1539 1987 1988 1989
183 188 546 547 1041 1055 1276 1305
184 425 426 427 428 431 432 433 434 438 439 440 967 1198 1255
195 196 237 238 239 241 242 243 771 1282 2429
197 199 200 202 715 1482
213 214 306 309 463 464 902
217 507 2418 2634
222 223 225 226 232
624 666 1480 1826 1853 1885 1947 3343
233 582 584 2598
235 303 381 451 605 650 2330
245 358 2228 3539
246 247 248 249 250 251 252 253 1281 2553
285 286 1318 1715
297 593 1155 2680
298 346 370 371
304 305 306 307 308 310 313 554 602 681 1728
316 352 637 638 639 640 642 651 689 825 827 903 940 941 1321 1878 2983
382 1290 1724 1772 2098 2187 2864 3857 4058 4059 4060 4061
386 456 1340 1362
388 389 390 391 392 393 394 395 924 925 926 2188 2189 2607
436 1164 1224 1697
461 1051 1053 1870 2043
466 467 504 791
470 491 492 493 494 495 1594 2219 2249
498 499 1043 1044 1068 1069 1973 2498 3670
592 672 851 1035 1036 1037 1134 1161 1415 1578 1807 1808 1811 2212
488 1077 1078 1079 1080 2223 2224 2225
496 497 905 906 907 908 909 910 987 1261 1959 2154
501 1205 1207 1208
502 597 1127 1128
503 544 724 797 1038 1039 1133 1897 1928 1930 1935
152 510 512 578 579 900 901 999 1012 1013 1097 1098 1099 1100 1101 1141 1160 1982 3006
517 1178 1991 2655
522 1158 1673 1674
532 533 1001 1209 1280 1353 1358
536 1275 1496 1656 1992 2415
479 541 1181 1434
549 563 773 774 1030 1031
565 566 567 608
577 996 997 1007 1156 1213 1214 2604 2762
580 581 583 1888
611 738 739 1259 1260 2915
621 622 1047 1165 1440 2746 3966
623 632 1368 1369 2699
625 1468 1706 1712 2006
915 1558 1662 1937 3035
635 636 1857 3007 3986
644 1771 2030 2485
670 671 1289 1951
673 674 3474 3805
680 682 683 684 757 921 962
700 701 707 832
727 840 988 989 990 992 994 1006 1152 1210 1453 1464 1471 1910 2285 2286
742 743 1349 1576 2917 3060 4362
744 4284 4285 4337 4339 4348 4349 4350 4351 4352 4353
765 854 1311 1312 1503 1693 1842 2594 2681 2812
778 779 835 960 1150 1557 2575 3067 3885
790 799 1359 2850
807 808 1302 1528 1817
811 1445 1863 3661 4193
816 817 818 4217 4218
828 829 830 2114 2311 2312 2988 3300 3335
852 853 1147 3067
857 858 1618 2660 2776 2777 2778 2779 2923 2924
895 896 897 3483
916 2802 3570 3589
931 1647 1648 1649 1650
943 1273 1274 1329 1356 1412 1413 1414 1631 1766 1806 2214 2808 3450
957 958 1106 1107 2103 2127 2367
959 961 1609 2503
966 1605 2810 2811 2937
1002 1003 1264 2222 2458
1019 1020 1021 1821 1879 2947 3000
1929 1931 1932 1933
1064 1065 1066 1067 1070 1071 2261 3565
1103 1104 1105 1109 2166 2518
1111 1113 1114 1115 1116 1117 1487 1761 1812 2073 3679
1118 2785 2786 3419
1129 1130 1230 1490
1135 1222 1744 1953 1954 2023 2388 3070 3276
1179 2206 2653 3752 3754 3774 3863 4280
1226 1227 2072 3821
1372 2486 2487 2999 3587
1375 1681 2804 2893 2976
1505 1669 2769 2826
1568 1569 1570 2057 2142 2265 2504 2505 2506 2507 3011 3769 3890 4117
1642 1643 2314 4327
2012 2758 3049 3051
1794 1795 1961 1963 1967
1801 1802 1803 1804 1805 2341 2345 2398 2399 2403
1614 1905 1906 2354 2502 3339 3340
2076 3198 3633 3634 3635
2078 2201 3277 3278 3279 3921
2161 2162 2177 2178 2179
2329 2424 2541 2881
2389 2639 2873 3038
2405 3201 3494 3869
2419 2420 2724 3608
2454 2636 3447 3851
2471 3729 3808 3928 4314 4315
2590 3101 3102 3108 3109
2679 3172 3173 3192 3193
2570 2689 2728 2809 2813 3994
2704 2806 2807 2840
2734 3177 3214 3215
2863 2939 2982 3137
4124 4125 4126 4287
