1 2 3 4 5 6 7 8 9 10 11 12 13 14 15 16 17 18 19 20 21 22 23 25 26 27 28 31 32 33 34 95 96 120 170 172 173 174 175 176 177 178 179 180 181 182 189 222 223 224 225 226 232 267 270 271 272 275 351 353 354 355 356 357 359 361 367 369 380 401 404 407 411 419 443 444 614 624 666 820 867 868 881 939 1051 1256 1301 1392 1480 1481 1524 1702 1778 1790 1831 1852 1853 1924 1947 1949 1967 2061 2141 2266 2269 2270 2549 2565 2658 2868 3343 3506 3507 3536 3637 3675 3685
29 30 39 40 41 42 43 47 52 54 55 56 57 60 69 73 105 107 109 135 140 152 216 221 468 469 470 475 476 479 480 491 492 493 494 495 508 509 510 511 512 513 528 531 538 541 555 556 578 579 585 590 591 592 601 603 610 616 619 620 623 631 643 645 663 664 665 754 755 756 775 823 900 901 943 984 993 999 1005 1012 1013 1024 1035 1093 1096 1097 1098 1099 1100 1101 1102 1126 1134 1141 1142 1160 1181 1210 1214 1267 1274 1283 1285 1287 1318 1323 1329 1346 1347 1356 1376 1399 1414 1434 1435 1438 1458 1464 1504 1510 1525 1526 1527 1573 1594 1627 1631 1650 1766 1791 1806 1828 1865 1883 1939 1982 2026 2082 2086 2121 2208 2214 2217 2219 2249 2252 2445 2551 2699 2803 2839 2877 3006 3010 3267 3344 3574 3799
36 71 78 92 100 101 110 117 125 145 183 203 235 236 262 277 286 288 291 381 396 398 446 448 464 466 469 471 472 485 504 505 518 519 520 524 525 549 562 563 565 566 567 568 569 570 605 606 607 608 613 617 618 621 622 630 638 640 641 649 652 677 678 679 680 682 683 684 685 690 692 694 699 700 701 702 703 705 706 707 710 711 717 725 726 732 734 735 757 772 773 774 784 791 796 797 831 832 833 841 845 887 892 893 903 928 929 930 944 945 946 949 951 952 953 954 962 979 1016 1047 1059 1060 1061 1084 1089 1132 1148 1149 1165 1195 1204 1321 1334 1341 1342 1360 1374 1420 1421 1425 1426 1440 1451 1454 1456 1462 1478 1491 1515 1548 1556 1558 1565 1572 1586 1598 1600 1601 1616 1688 1714 1784 1839 1850 1854 1872 1875 1880 1894 1895 1896 1897 1898 1907 1908 1916 1923 1943 1983 2003 2004 2011 2027 2055 2152 2284 2294 2330 2423 2431 2466 2477 2484 2488 2536 2554 2555 2588 2596 2600 2601 2602 2603 2646 2649 2748 2828 2841 2844 2930 2931 2933 2934 2983 2984 3023 3035 3041 3061 3319 3351 3359 3360 3367 3583 3667 3778 3843 3904 3966
37 38 111 119 146 147 184 188 200 202 425 426 427 428 429 430 431 432 433 434 435 436 437 438 439 440 449 451 458 460 523 526 545 546 547 572 647 650 695 741 782 809 838 848 849 874 883 885 888 899 956 967 978 1014 1030 1041 1042 1055 1056 1062 1164 1198 1199 1200 1201 1202 1224 1255 1276 1304 1305 1306 1343 1364 1366 1367 1373 1391 1410 1411 1457 1463 1482 1684 1686 1697 1749 1889 1978 2254
44 48 49 50 51 58 65 66 68 84 87 105 106 118 137 150 167 254 255 294 359 484 511 535 727 737 761 805 840 869 977 986 987 988 989 990 991 992 993 994 995 1004 1005 1006 1045 1065 1139 1152 1173 1211 1232 1280 1281 1330 1332 1346 1363 1402 1403 1417 1433 1443 1453 1464 1471 1489 1494 1509 1614 1754 1905 1906 1910 1985 2079 2087 2154 2217 2260 2285 2286 2354 2415 2433 2449 2502 2514 2624 2717 2766 2824 2877 3014 3029 3048 3075 3144 3229 3334 3339 3340 3380 3410 3574 3857 3957 4142 4143 4144 4145 4146 4147 4148
45 46 114 134 388 389 390 391 392 393 394 395 924 925 926 927 1215 1496 1992 2032 2033 2040 2131 2188 2189 2314 2471 2607 2926 3724 3729 3808 3928 4214 4314 4315
58 143 513 716 875 934 1111 1112 1113 1115 1118 1193 1370 1371 1427 1428 1487 1561 1693 1708 1761 1797 1812 1869 1952 1956 2012 2026 2074 2469 2594 2686 2711 2758 2812 2949 2951 2977 2997 3056 3057 3438 3981
59 799 987 1002 1003 1045 1264 1265 1957 2222 2458 3467 4119 4230
62 79 88 115 137 165 213 214 241 289 290 292 293 304 305 306 307 308 309 310 313 345 347 399 454 471 472 520 551 552 554 599 600 602 603 608 612 622 625 638 640 642 648 651 679 681 689 690 691 701 770 771 806 826 827 833 835 850 870 871 872 880 902 903 912 932 963 1034 1150 1163 1192 1221 1295 1385 1468 1493 1553 1600 1728 1734 1767 1836 1837 1916 2006 2031 2034 2086 2124 2431 2444 2469 2575 2694 2921 2927 3020 3067 3130 3139 3491 3686 3712 4215
1217 1218 1339 1361 1397 1539 1783 1866 1899 2392 2599 2808 2842 3174 3268 3478
67 713 714 1825 1960 1962 1963 1964 1965 1966 1969 1970 2066 2133 3847
74 75 76 124 132 153 659 660 847 1122 1123 1197 1277 1279 1307 1308 1331 1398 1488 1796 1976 2046 2099 2106 2107 2200 2203 2307 2457 2727 2906 2975 3149 3281 3523 3588 4216
75 588 659 807 964 1229 1279 1302 1303 1400 1433 1464 1528 1675 1817 2132 2693 2727 2886 2888 3091 3799 3813
81 88 98 421 456 536 537 542 720 721 760 862 913 916 934 998 1057 1123 1135 1145 1193 1221 1222 1225 1275 1372 1428 1499 1625 1635 1656 1744 1831 1940 1953 1954 1992 2023 2080 2087 2093 2149 2150 2151 2221 2388 2389 2509 2546 2548 2606 2639 2802 2818 2871 3038 3070 3078 3113 3161 3195 3276 3283 3300 3564 3570 3589 3661 3953
82 116 574 668 670 671 1077 1094 1289 1418 1781 1951 3058 3098 3592 3728 4309
86 111 446 704 709 793 1030 1873 2576 2583 3061 3213 3491 3564 3668 4219 4293 4348 4350 4352
91 97 103 177 348 625 626 648 653 654 655 748 932 933 935 936 948 1028 1085 1086 1131 1161 1293 1294 1295 1407 1408 1468 1657 1658 1659 1661 1668 1670 1671 1704 1705 1706 1712 2324 2455 2647 2666 3127 3139 3714 3775 3776 3777
93 486 512 862 890 1075 1106 1111 1112 1113 1114 1115 1116 1117 1118 1226 1455 1487 1708 1761 1812 1893 1989 2072 2073 2785 3419 3679
21 417 1585 2083 2439 2675 3540 3625 4161 4162 4163
79 80 104 111 119 188 446 467 546 793 849 1373 1559 1770 1928 2210 2365 2530 3019 3579 3668 3686 4284 4285 4337 4348 4349 4350 4352 4353
197 198 199 715 785 1429 1482 1520 1792 1793 1995 2233 2287 2304 2344 2947 3660
151 1419 1500 1501 1827
126 133 136 149 161 715 934 973 1025 1352 1382 1409 1418 1559 1683 1849 1873 2008 2080 2094 2097 2291 2293 2326 2449 2590 2676 2715 2727 2884 2886 2960 2975 3013 3101 3102 3108 3109 3195 3204 3346 3347 3421 3485 3631 3694 3768 4008 4215
130 187 1191 1328 1389 1698 2416 2425 2473 4258
131 140 204 661 1136 1377 1607 1997 2091 2166 2704 2723 2763 2801 2806 2807 2840 3005 3087 3198 3221 3277 3311 3321 3926 4196 4275 4291
64 141 146 184 213 215 301 463 514 515 552 554 599 603 604 631 743 765 766 775 782 783 788 837 858 902 1014 1030 1283 1285 1291 1346 1369 1385 1500 1503 1505 1517 1754 1911 1984 2010 2031 2082 2248 2570 2686 2689 2699 2751 2757 2809 2854 2925
158 1336 1386 2140 2157 2205 2207 2691 2744 2765 2775 2941 3353
163 1372 2999 3330
168 1459 2863 2939 2982 3136 3137 3138
169 957 1103 1104 1105 1106 1107 1108 1109 1110 2103 2127 2166 2518 2559 2560
70 191 192 193 194 206 207 208 209 210 211 212 476 643 646
195 196 237 238 239 240 241 242 243 771 1282 2429
204 661 1136 2091 2166 2610 3310 3311 4275
218 423 712 915 1542 1647 2336 2584 2855 2916 2937 3251 3252 3253 3254
611 738 739 1088 1259 1260 1395 1862 2345 2915
227 536 540 542 558 559 588 589 659 668 669 721 859 862 864 1602 1603 2380 4226
1314 1990 2143 2338 2356 2655 2908 3073 3100 3402 3403 3464 3670 3753
246 247 248 249 250 251 252 253 687 688 2553 3202
413 487 488 498 1044 1068 1069 1072 1077 1078 1079 1080 1162 1585 1676 1768 1829 1973 1986 2113 2114 2223 2224 2225 2498 2675 2908 2988 2992 2998 3081 3241 3475 3668 3702 3748 3755 4124 4168 4271 4272 4273 4274
282 2454 2636 2637 2722 3022 3336 3445 3446 3447 3461 3735 3835 3836 3851 4313
295 745 746 918 1053 1830 2519 2753 2754 2793 3009 3122 3214 4009
317 322 329 330 334 335 336 1043 1069 1234 1237 1238 1239 1241 1242 1243 1244 1245 1246 1247 1248 1262 1263 2201 2784 2952 3206 3277 3492 3921
327 2796 3486 3923
382 384 1290 1431 1511 1724 1772 2098 2187 2864 3857 4058 4059 4060 4061
358 1038 1039 1968 2182 2438 3004 3249
459 462 2702 2703 2871 2887 2898 2987 3376 4090 4341
473 474 478 498 499 1044 1068 1069 1455 1997 1998 2000 2791 2920 2981 3066 3591
489 490 1436 1461 1584 1975 2068
496 497 905 906 907 908 909 910 987 1045 1261 1959 2153 2154 2155 2191 3189
1310 1549 1550 1552 1553
516 517 1178 1179 1236 1990 1991 2206 2338 2453 2652 2653 2655 3602 3670 3677 3678 3752 3754 3774 3863 4280 4292 4363
542 573 688 740 768 1056 1095 1193 1485 1498 1499 1626 1655 1779 1901 2241 2707 3628 3708 3832
730 1375 1569 1570 1681 2057 2142 2265 2504 2505 2506 2507 2884 2976 3011 3086 3769 3813 3890
85 544 1929 1930 1931 1932 1933 1934 2309 3358
729 731 2818 3443
1348 1591 2038 2039 2404 2783 3184 3185 3186 3231 3760 3839 4111
759 1716 1918 1919 1920 1921 1922 3929
1083 1377 1580 2001 2078 2556 2557 2776 2777 2778 2779 3169 3170 3171 3277 3278 3279 3872 3873 3921
1694 1774 3975 3976 3977
886 1313 2489 2490 2708 3512 4173 4174
816 817 818 1383 2910 3280 4217 4218
828 829 830 2113 2114 2224 2311 2312 2988 3300 3335
892 894 1454 1572 1598 1600 2600 2602 2931 2933 3041 3157 3318 3980
931 1648 1649 1650 1651 1652 1653 1788
257 2164 2165 3104 4323
1137 2891 3349 3350 4260
1025 1857 1859 1861 3986 4128 4282
1278 1283 1284 1633 2277
2436 2437 2684 3324 3569
1382 1383 1384 1941 2414 3270
296 615 1467 1472 1741 2193 2529 2638 3030 4332 4333
128 2971 2972 2973
1568 3654 3736 3737 3769 4357
137 781 834 890 1030 1596 1984 2396 2689 3925 3994
1747 1748 2163 3232 3233 3234 3235 3236
1752 2331 2411 2784 4114
511 1130 1140 1156 1213 1214 1490 1765 2604 2710 3528 3547 3548 3549
1259 1644 1645 1780 1785 2527 2823 3399
1900 2130 2147 2148
2013 2014 2015 3134 3228 3230 3771 3772 3773
2044 2226 3834 4003
2047 2048 2315 3190
2076 2663 3627 3633 3634 3635 3918 4237
2255 2662 2749 2851 2859 2913 2914 3250 3444 3508 3509 3636 4324
2128 2316 4193 4194
2240 2243 2884 3217 4176
696 950 1771 2279 2282 3146 3147 3148 4195
2318 2319 3223 3783
2402 3342 4113 4164 4165 4211
2405 3201 3494 3869 3870
1953 2430 2873 2945 2946
2481 2482 2483 4213
1317 1387 2547 3124 3191
2567 2568 2569 3101 3102 3108 3109 3195 3207 3312 3477
2732 2733 3906 3907 3908
2771 2772 3129 3130 3220
2986 3133 3194 3985 4057
1072 1628 3471 3499 3560
3405 3407 3493 3503 3504 4094
4020 4021 4022 4023 4024 4025 4026 4027 4028 4029 4030 4031 4032 4033 4034 4035 4036
3769 4117 4311 4312
