1 8 10 11 14 15 25 26 173 176 178 443 2266 3536
2 7 8 16 25 28 32
19 406 407 412 1833
29 54 69 1527
48 49 50 51 254 255
70 191 192 193 194 205 206 207 208 209 210 211 212 476 553 601 643
72 89 144 1502 1750 2593 2843
76 660 1122 1277 1307 1308 1488 2099 2107
92 518 519 717 893 952 953 1148 1149 1426 1572 1600 2488 2600 2601 2602 2603 2841 3035 3041 3351 3360
104 111 119 3019
105 531 616 754
110 396 677 2003 2004 2005
115 289 290 291 292
117 505 893 1616 1784 1839 2933
122 181 819 836
124 132 134 847 1976
146 147 428 572
152 510 512 513 578 900 901 993 999 1012 1013 1093 1097 1098 1099 1100 1101 1141 1142 1160 1213 1982 2026 3006
184 425 426 427 431 432 433 434 438 439 458 967 1198 1684
188 545 546 547 874 1041 1276 1305
195 196 237 238 241 242 2429
197 199 200 202 528 715 716 1482 2658
217 507 2418 2634
235 303 381 451
245 358 2228 3539
246 247 248 249 250 251 252 253 1213 2553
283 481 803 819 1189 1328 1698 2416 2589
297 593 1155 2680
304 305 307 308 309 310 313 345 463 554 681 1728 2927
316 352 399 472 637 639 640 642 651 689 708 825 827 903 940 941 1321 1878 2983
371 375 376 380
382 1290 1724 1772 2098 2187 2864
388 389 390 391 392 393 394 395 924 925 926 2188 2189 2314 2607
466 467 504 791
470 491 492 493 494 495 1285 1347 1594
638 642 1916 2431
480 556 590 591 592 610 1578 3344
496 497 905 906 907 908 909 910 987 988 1003 1045 1261 1959 2154
502 597 1127 1128
503 724 796 797 1038 1039 1133 1935
522 1158 1673 1674
532 533 821 1209 1280 1297 1299 1353 1358 2258 2259
561 564 1029 1031
565 566 567 608
570 772 1895 1896
577 993 996 1001 1007 1074 1138 1156 1213 1214 1281 1563 2604 2706 2762
599 600 2444 3246
611 1259 1260 2915
617 618 630 678 699 710 892 893 928 929 930 944 945 1084 1089 1188 1454 1600 1839 1872 1875 1937 2027 2423 2536 2554 2603 2828 2930 3041 3360
670 671 1289 1951
680 682 683 684 757 962
505 1456 1907 2649 2911 2934 2968 3429
705 709 1309 1341 1491 1714 2431 3213 4219
703 717 949 954 1060 1148 1462 2748 2841
725 726 845 1060 1084 1425 1839 1908 2466 2554
727 988 991 992 993 994 1006 1210 1435 1464 1471 1910 2285 2286
742 743 1349 1576 2917 3060 4362
744 2125 2297 2621 3710 4284 4285 4337 4339 4345 4348 4349 4350 4351 4352 4353
632 765 854 1311 1312 1438 1693 1842 2681 2812
778 779 835 1150 1557 2575 3067
481 802 804 819 824 1090 1169 1170 1171 1172 1184 1185 1187 1189 1190 1191 1328 1447 1663 1698 2028 2425 2473 2622 2925 4258
828 829 830 1077 1078 1079 1080 2113 2114 2223 2224 2225 2311 2312 2988 3335 3987
840 988 989 990 991 995 1004 1138 1139 1152 1211 1232 1279 1403 1453 2285
849 1055 1306 1373
851 1035 1134 1161 1220 1415 1439 1620
857 1618 2660 2776 2777 2778 2779 2923 2924
916 2802 3570 3589
943 1274 1329 1356 1412 1413 1414 1631 1669 1766 1806 2214 2803 3450
957 958 1104 1106 1107 1108 1109 2103 2127 2367
959 961 1608 1609 1689
966 1605 2810 2811 2937
997 998 1000 1087 2528
1019 1020 1021 1821 3000
1043 1044 1068 1069 1973 2498 3670
1064 1065 1066 1067 1070 1071
1103 1105 2166 2518
1111 1113 1114 1115 1116 1117 1118 1487 1761 2073 2785
1129 1130 1230 1490
1135 1744 1954 2388 3276 3589
1145 1146 3474 3805
1179 1990 2206 2453 2653 2655 3602 3752 3753 3754 3774 3863 4280
1505 2769 2826 2979 3212
1568 1569 1570 2057 2142 2265 2504 2505 2506 2507 3011 3769 3890 4117
1801 1802 1803 1804 1805 2345 2360 2398 2399 2403
1929 1931 1932 1933
2078 2201 3277 3278 3279 3921
2471 3729 3808 3928 4314 4315
2679 3172 3173 3192 3193
2939 2982 3136 3137 3138
3101 3102 3108 3109
3857 4058 4059 4060 4061
