10 276 486 911 2103 2317 2330 2376 2857 2894 2919 3506 3699 3956 4137 4256 4602 4982 4983
14 720 1145 1392 1404 1651 1673 1747 2044 2317 2400 2627 2636 3211 3506 3546 3885 4164 4165 4236 4533 4980
19 20 21 22 23 327 358 359 360 361 362
30 2035 2923 4159
31 32 244 294 295 296 297 300 301 304 308 309 310 313 1343 2048 3191 4059
33 234 293 307 310 311 312 407 504 886 1152 1188 1246 1393 1394 1395 1658 1804 3650 4640
36 37 335 1372
41 330 1459 1550 2148 2325 3094 3266 3438 4739
46 47 2733 3401 3807 4109 4110 4276 4604
51 52 53 54 681 1218 1646 2131 3507 4083 4084
60 74 91 330 339 396 559 1258 1297 1354 1459 1550 1561 1877 2093 2095 2325 2657 3918 4034 4056 4486 4739
61 62 63 64 1339 1682 1767 3139 4194 4305
65 66 67 68 119 1581 1582 1583 1599
69 133 271 275 317 802 911 1345 1387 1389 1417 1431 1472 1478 1529 1532 1651 1673 1756 1819 1826 2105 2112 2190 2317 2376 2637 2646 3217 3529 3699 4137 4273 4524 4533 4704 4963 4967 4980 4983
75 77 144 830 831 1536
80 152 535 683 684 1221 1222 1434 1604 1605 1606 1607 2726 4069 4079 4514 4539 4600 4610 4673
85 87 91 172 256 265 330 644 697 1026 1097 1157 1258 1270 1420 1550 1561 1620 1658 1664 1665 1666 1877 2148 2235 2325 2522 2533 2881 2920 2932 3266 3287 3499 3720 4065 4111 4122 4161 4342 4739
86 1157 1906 1946 2328 2394 2687 2720 2729 2882 4168 4169 4170 4190 4192 4194 4225 4230 4248 4250 4251 4252 4254 4255 4263 4338 4362 4403 4469 4483 4557
94 95 680 877 1185 1453 1497 3599
95 96 97 101 104 656 1022 1263 1403 1452 1489 1564 1566 1843 2329 4071
98 99 341 342 343 345 346 350 351 353 375 376 1308 1337 1338 1521 4496
100 102 104 554 555 1381 1382 1454 1645 4074
103 104 890 1496
107 108 249 678 1803 2071 2072 2073 2080 2084 2092 2098 2099
110 241 788 4053 4091 4388
113 117 118 176 179 357 615 617 817 830 831 1706 1869 1956 2088 2757 3804 3831 4413 4560 4630
114 975 1906 2361 2720 2882 3062 3745 4055 4168 4170 4192 4194 4225 4227 4230 4252 4254 4255 4260 4263 4338 4466 4498
134 2178 3316 3545 3942 3994 4032 4575 4576 4577 4580 4583
138 996 1450 1828 2048 2177 3612
139 374 430 1502 1503 1504 1579 1608 2521 3213 4316 4632
141 149 150 151 166 205 213 218 236 490 492 528 614 615 616 830 831 844 845 1485 1563 1598 1706 1723 1743 3473 3538 3588 3677 4534
153 165 490 585 638 1878
159 164 659 849 1272 1273 1494 2683 2883 3652 3809 4097 4098 4519 4520
161 1029 1142 1413 2394 2720 3365 3690 4170 4189 4192 4229 4242 4252 4507 4540
170 1471 1776 3668
180 584 673 674 1554 3769 4089 4099 4309 4310 4412 4428 4552 4597 4616
183 184 428 4242 4402
186 256 330 439 481 1097 1550 1620 1947 2235 2325 2932 3266 3810 3952 4039 4148 4347 4370 4451 4460 4986
187 1460 3924 3949 3962 4066
191 1301 1983 2219 2331 3245 3356 3452 3624 3702 3928 4186 4191 4564 4566 4567 4571
91 193 261 265 268 315 326 330 332 390 396 405 517 597 643 644 661 697 750 754 798 1023 1026 1033 1097 1258 1354 1373 1482 1500 1501 1506 1561 1572 1718 1877 1988 2029 2530 2651 2932 3287 3772 4082 4161 4220 4293 4388
197 306 383 392 480 628 630 631 759 814 856 857 889 1199 1282 1473 1474 1475 1658 1710 2252 4124 4219
198 279 281 288 1363 1364 4366
209 486 529 3506 3885 4214 4236 4533 4976
210 440 441 1430 1842 2049 2050 2774 2917 3023 4556 4679
217 273 274 1360 1476
228 355 356 830 831 880 881 882 883 884 1067 1111 1765 1893 1979 2300 2323 3473 3486 3681 4512 4513
252 253 254 255 753
257 319 320 493 494 4319
263 1587 3623 4060
256 267 283 291 1200 2932
286 539 920 928 932 1216 1219 1873 1876 2004 2021 3098 3389
303 522 724 743 770 771 773 776 778 784 786 787 1231 1288 1532 1756 1868 1926 1927 1930 1941 1942 1943 1990 1994 1997 2960 2961 3357 3583 4158 4301 4388 4624 4983
1985 2436 2672 4083 4107 4294
321 322 323 324 893 2158
329 330 1559 1561 1620 1648 1654 4161 4739
333 334 336 337 341 344 347 348 350 611 4619 4620
363 364 365 3527 4060 4101
372 373 1934 2387 2464 4265
395 402 403 921 924 1251 1331 1385 1386 1497 1633 1805 1814 2305 2306 2565
397 400 1196 1626 2697 2698 3049
399 722 724 1926 1930 1942 1943 3165 4990
330 401 467 491 667 1550
404 406 2243 3126
412 2110 2111 2113 2114 2115 2116
422 833 1550 1993 3145 3249 4238 4453 4473 4739
423 713 1415 1711 1815 2914 4178
457 530 1490 1491
459 464 538 541 1428 1512 1514 3513 3676 3770
473 550 551 1153
486 720 1145 1349 1738 2627 3002 3024 3231 3506 3885 4210 4211 4214 4236 4256 4383 4533
488 489 498 678 775 846 1123 1124 1891 4061
495 496 1429 1541 1542 1543 1544 1545
509 640 1492 3278 3640 4321
527 661 1448 1466 1467 1697 4549
531 532 2085 4599 4705
556 557 678 1283 2077 2958
563 2011 3035 4163
574 963 1271 2754 3525 3953 4049 4411 4548 4627
587 811 893 984 1049 1050 1084 1250 1533 1593 1596 1674 1888 1975 2236 2244 2341 2342 2375 2495 2569 2671 2717 2723 2734 2805 2852 2864 2991 3070 3074 3208 3234 3653 3693 3716 3890 3915 3921 3957 3973 4062 4312 4527 4531 4545 4698 4706 4764 4766 4767 4769 4773 4783 4784 4785 4787 4793 4794 4799 4801 4827 4831
605 1065 2394 2687 3213 3626 3858 4162 4403 4468
607 608 1122 1157 2328 2686 2687 2878 3054 3330 4248 4307 4403 4469 4483 4522 4557
265 635 1026 1366 1537 1538 1550 1699 3266 4217 4238 4336 4341 4366 4453 4474 4739
666 902 1441 1655 1656 2121 2816 2855 4092
668 1180 2347 2352
671 672 1435 1477
677 728 2275 2630 3177
679 707 708 1300 2462 2625 3231
712 1590 1591 1592 1593 1594 1595 1596
735 736 4296 4360
281 755 1414 1715 4133
756 904 925 1054 1084 1590 1593 1596 1597 1674 1889 1894 1919 1975 2236 2375 2384 2482 2569 2852 3070 3186 3219 3234 3284 3294 3346 3394 3471 3512 3560 3636 3693 3731 3872 3890 3915 4312 4527 4545 4628 4762 4765 4769 4770 4771 4773 4783 4786 4788 4792 4793 4796 4798 4801 4804 4826 4831 4834 4835 4850 4859 4871
769 1026 2021 4283
808 1213 1242 1368 1370 1371 1718 1860 2030 3033 3577 4237 4517
812 2965 3117 4765 4770
813 822 825 827 1407 1408 4516
839 840 841 842 894 1163 1259
847 2148 2533 2547 3307 4461
906 907 908 909 1923 2300 2851 3426 4067 4284 4285
922 1855 2027 3970
926 927 1020 1218 1241 1269 1309 1383 1384 1629 1812 2131 2249
933 1212 1215 1218 3275 4280 4682
935 1266 1842 4108 4556
936 951 952 1130 2036 2938 4672
937 938 941 2524 2895
942 943 1156 2769
946 1610 1611 1612 1613 1614 1911 2478 2735 4710 4711
950 1922 2063 2254 3009 3044 3213 4177 4298
3041 3899 4171 4214 4234
1006 2221 2298 2361 2603 2656 2720 2882 2956 3062 3571 3717 4168 4170 4194 4227 4230 4254 4263 4331 4338 4466
1015 1289 1355 1356 1358 1359 1442 1787
1024 1088 1906 3589 4072 4192 4263 4433 4511 4623
1052 1161 1162 1522 1523 4523
1203 1231 1419 1421 1926 1927 1930 2510 2511 4350 4990
1284 2295 3900 4105 4106
1296 1440 1675 1676
1321 1369 1370 1626 1975 2039 2694 3112 3469 4068
1344 2055 2773 4202 4203 4535 4641
1377 1378 1379 1519 2094 3682 4129 4130 4708
260 1399 1401 1456 1457
1405 1422 1423 1424 1425 1426 1427
1503 1797 3703 3992
1568 1975 2128 2392 3219 3502 3806 3915 3941 4223 4545 4765 4769 4786 4793 4810 4890 4902
1662 1670 1671 1672 2404
1668 1669 2943 3122 4090 4188
1823 2670 2720 2796 2808 2882 3291 3456 4081 4170 4225 4230 4338 4466
1858 2567 2860 3665 4142 4143
2270 4573 4585 4587
433 860 891 1025 1068 1300 1774 2043 2314 2316 2346 2347 2350 2351 2352 2624 2633 2635 4087
2465 3219 3512 3989 4545 4765 4801 4844
1596 2528 3377 4312 4527 4545 4797
3570 3902 4312 4558 4993 4994
3870 4064 4687 4692
