0.050000 1.000000 0.050000 0.264275 0.220779 0.670885 0.339537 87
0.050000 1.000000 0.100000 0.267353 0.221818 0.674165 0.341940 89
0.050000 1.000000 0.150000 0.269194 0.223498 0.671963 0.343211 93
0.050000 1.000000 0.200000 0.270776 0.224168 0.673668 0.344517 93
0.050000 1.000000 0.250000 0.269513 0.222511 0.673445 0.343092 94
0.050000 1.000000 0.300000 0.271134 0.222881 0.683078 0.345602 95
0.050000 1.000000 0.350000 0.265962 0.217463 0.684107 0.340756 95
0.050000 1.000000 0.400000 0.261761 0.212800 0.682971 0.336325 95
0.050000 1.000000 0.450000 0.260950 0.211190 0.681972 0.334965 95
0.050000 1.000000 0.500000 0.265473 0.213570 0.692512 0.339883 95
0.050000 1.000000 0.550000 0.265065 0.212557 0.694010 0.339415 96
0.050000 1.000000 0.600000 0.264075 0.210762 0.696104 0.338375 96
0.050000 1.000000 0.650000 0.262918 0.208791 0.701014 0.337614 96
0.050000 1.000000 0.700000 0.266461 0.211135 0.702039 0.340553 97
0.050000 1.000000 0.750000 0.266538 0.208129 0.706494 0.339677 98
0.050000 1.000000 0.800000 0.258167 0.200533 0.693841 0.329950 98
0.050000 1.000000 0.850000 0.259299 0.200129 0.698327 0.330920 98
0.050000 1.000000 0.900000 0.258249 0.198999 0.713489 0.332220 98
0.050000 1.000000 0.950000 0.256638 0.196942 0.720221 0.331417 100
0.050000 1.000000 1.000000 0.254432 0.192644 0.726685 0.329022 101
0.050000 1.000000 1.050000 0.250921 0.189038 0.731832 0.326212 101
0.050000 1.000000 1.100000 0.244247 0.181963 0.743201 0.320853 101
0.050000 1.000000 1.150000 0.236628 0.175227 0.749685 0.314424 101
0.050000 1.000000 1.200000 0.230517 0.169404 0.771535 0.311167 101
0.050000 1.000000 1.250000 0.225658 0.164433 0.783401 0.307473 102
0.050000 1.000000 1.300000 0.216960 0.158676 0.783987 0.299963 102
0.050000 1.000000 1.350000 0.210084 0.152174 0.789237 0.293301 102
0.050000 1.000000 1.400000 0.209109 0.149543 0.763129 0.287903 102
0.050000 1.000000 1.450000 0.199367 0.141335 0.763087 0.278073 102
0.050000 1.000000 1.500000 0.193683 0.135906 0.790615 0.275063 102
0.050000 1.000000 1.550000 0.188085 0.130133 0.808302 0.270461 102
0.050000 1.000000 1.600000 0.181448 0.124628 0.814698 0.264112 103
0.050000 1.000000 1.650000 0.171193 0.116634 0.819173 0.253841 103
0.050000 1.000000 1.700000 0.162955 0.110252 0.814838 0.244630 103
0.050000 1.000000 1.750000 0.158264 0.106264 0.819225 0.239731 106
0.050000 1.000000 1.800000 0.153321 0.102326 0.819677 0.234284 106
0.050000 1.000000 1.850000 0.147503 0.097718 0.823945 0.228152 106
0.050000 1.000000 1.900000 0.141132 0.092762 0.820369 0.220632 106
0.050000 1.000000 1.950000 0.135717 0.088513 0.826537 0.214932 106
0.050000 1.000000 2.000000 0.134004 0.086874 0.803254 0.210679 106
0.050000 1.000000 2.050000 0.132521 0.086102 0.805579 0.209477 107
0.050000 1.000000 2.100000 0.130020 0.084214 0.849408 0.210299 107
0.050000 1.000000 2.150000 0.129843 0.083853 0.852579 0.210163 107
0.050000 1.000000 2.200000 0.129920 0.083790 0.850696 0.209998 107
0.050000 1.000000 2.250000 0.129490 0.083333 0.850290 0.209351 107
0.050000 1.000000 2.300000 0.129088 0.082883 0.849304 0.208675 107
0.050000 1.000000 2.350000 0.128959 0.082711 0.847497 0.208314 107
0.050000 1.000000 2.400000 0.128632 0.082730 0.840821 0.207606 107
0.050000 1.000000 2.450000 0.128653 0.082462 0.847199 0.207915 107
0.050000 1.000000 2.500000 0.128596 0.082281 0.854342 0.208314 107
0.050000 1.000000 2.550000 0.128559 0.082159 0.855057 0.208250 107
0.050000 1.000000 2.600000 0.128259 0.081857 0.846364 0.207125 107
0.050000 1.000000 2.650000 0.128339 0.082199 0.844347 0.207292 107
0.050000 1.000000 2.700000 0.129005 0.082679 0.843630 0.207994 108
0.050000 1.000000 2.750000 0.129141 0.082680 0.845619 0.208232 108
0.050000 1.000000 2.800000 0.128868 0.082269 0.846120 0.207780 108
0.050000 1.000000 2.850000 0.128644 0.081983 0.846370 0.207440 108
0.050000 1.000000 2.900000 0.128537 0.081854 0.844859 0.207150 108
0.050000 1.000000 2.950000 0.128393 0.081720 0.844913 0.206963 108
0.050000 1.000000 3.000000 0.128347 0.081653 0.844639 0.206860 108
0.050000 1.000000 3.050000 0.128347 0.081653 0.844639 0.206860 108
0.050000 1.000000 3.100000 0.128326 0.081613 0.844406 0.206795 108
0.050000 1.000000 3.150000 0.128326 0.081613 0.844406 0.206795 108
0.050000 1.000000 3.200000 0.128337 0.081094 0.844277 0.206352 108
0.050000 1.000000 3.250000 0.128337 0.081094 0.844277 0.206352 108
0.050000 1.000000 3.300000 0.128321 0.081112 0.843265 0.206276 108
0.050000 1.000000 3.350000 0.128318 0.081169 0.842368 0.206250 108
0.050000 1.000000 3.400000 0.129169 0.081852 0.842561 0.207299 108
0.050000 1.000000 3.450000 0.129348 0.081989 0.842667 0.207518 108
0.050000 1.000000 3.500000 0.129340 0.082627 0.842496 0.208037 108
0.050000 1.000000 3.550000 0.129563 0.082736 0.843467 0.208328 108
0.050000 1.000000 3.600000 0.129788 0.082859 0.844168 0.208609 108
0.050000 1.000000 3.650000 0.129788 0.082859 0.844168 0.208609 108
0.050000 1.000000 3.700000 0.129788 0.082859 0.844168 0.208609 108
0.050000 1.000000 3.750000 0.129788 0.082859 0.844168 0.208609 108
0.050000 1.000000 3.800000 0.129777 0.082845 0.844193 0.208594 108
0.050000 1.000000 3.850000 0.129738 0.082818 0.844081 0.208541 108
0.050000 1.000000 3.900000 0.129738 0.082818 0.844081 0.208541 108
0.050000 1.000000 3.950000 0.129726 0.082805 0.844107 0.208526 108
0.050000 1.000000 4.000000 0.129726 0.082805 0.844107 0.208526 108
0.050000 1.000000 4.050000 0.129726 0.082805 0.844107 0.208526 108
0.050000 1.000000 4.100000 0.129825 0.082141 0.844621 0.208062 108
0.050000 1.000000 4.150000 0.129705 0.082060 0.844285 0.207903 108
0.050000 1.000000 4.200000 0.129705 0.082060 0.844285 0.207903 108
0.050000 1.000000 4.250000 0.129685 0.082047 0.844229 0.207876 108
0.050000 1.000000 4.300000 0.129685 0.082047 0.844229 0.207876 108
0.050000 1.000000 4.350000 0.129665 0.082034 0.844173 0.207849 108
0.050000 1.000000 4.400000 0.130289 0.082658 0.843716 0.208671 110
0.050000 1.000000 4.450000 0.130289 0.082658 0.843716 0.208671 110
0.050000 1.000000 4.500000 0.130289 0.082658 0.843716 0.208671 110
0.050000 1.000000 4.550000 0.130289 0.082658 0.843716 0.208671 110
0.050000 1.000000 4.600000 0.130289 0.082658 0.843716 0.208671 110
0.050000 1.000000 4.650000 0.130289 0.082658 0.843716 0.208671 110
0.050000 1.000000 4.700000 0.130289 0.082658 0.843716 0.208671 110
0.050000 1.000000 4.750000 0.130289 0.082658 0.843716 0.208671 110
0.050000 1.000000 4.800000 0.130256 0.082631 0.843605 0.208622 110
0.050000 1.000000 4.850000 0.130256 0.082631 0.843605 0.208622 110
0.050000 1.000000 4.900000 0.130256 0.082631 0.843605 0.208622 110
0.050000 1.000000 4.950000 0.130256 0.082631 0.843605 0.208622 110
0.050000 1.000000 5.000000 0.130256 0.082631 0.843605 0.208622 110
