0.050000 1.000000 0.050000 0.266379 0.220779 0.674160 0.340989 87
0.050000 1.000000 0.100000 0.269415 0.221818 0.677376 0.343360 89
0.050000 1.000000 0.150000 0.271198 0.223498 0.675082 0.344592 93
0.050000 1.000000 0.200000 0.272762 0.224168 0.676760 0.345884 93
0.050000 1.000000 0.250000 0.271477 0.222511 0.676502 0.344443 94
0.050000 1.000000 0.300000 0.273061 0.222881 0.686073 0.346924 95
0.050000 1.000000 0.350000 0.267835 0.217463 0.687019 0.342038 95
0.050000 1.000000 0.400000 0.263580 0.212800 0.685798 0.337567 95
0.050000 1.000000 0.450000 0.262742 0.211190 0.684757 0.336186 95
0.050000 1.000000 0.500000 0.267226 0.213570 0.695237 0.341075 95
0.050000 1.000000 0.550000 0.266786 0.212557 0.696684 0.340584 96
0.050000 1.000000 0.600000 0.265775 0.210762 0.698746 0.339528 96
0.050000 1.000000 0.650000 0.264585 0.208791 0.703605 0.338742 96
0.050000 1.000000 0.700000 0.268115 0.211135 0.704677 0.341683 97
0.050000 1.000000 0.750000 0.268148 0.208129 0.709132 0.340783 98
0.050000 1.000000 0.800000 0.259703 0.200533 0.696424 0.331014 98
0.050000 1.000000 0.850000 0.260788 0.200129 0.700831 0.331948 98
0.050000 1.000000 0.900000 0.259705 0.198999 0.715945 0.333225 98
0.050000 1.000000 0.950000 0.258062 0.196942 0.722628 0.332398 100
0.050000 1.000000 1.000000 0.255820 0.192644 0.729242 0.330005 101
0.050000 1.000000 1.050000 0.252283 0.189038 0.734512 0.327199 101
0.050000 1.000000 1.100000 0.245546 0.181963 0.745927 0.321813 101
0.050000 1.000000 1.150000 0.237888 0.175227 0.752395 0.315360 101
0.050000 1.000000 1.200000 0.231705 0.169404 0.774094 0.312045 101
0.050000 1.000000 1.250000 0.226803 0.164433 0.785927 0.308323 102
0.050000 1.000000 1.300000 0.218045 0.158676 0.786509 0.300783 102
0.050000 1.000000 1.350000 0.211120 0.152174 0.791689 0.294086 102
0.050000 1.000000 1.400000 0.210247 0.149543 0.766440 0.288841 102
0.050000 1.000000 1.450000 0.200428 0.141335 0.766314 0.278958 102
0.050000 1.000000 1.500000 0.194700 0.135906 0.793855 0.275919 102
0.050000 1.000000 1.550000 0.189048 0.130133 0.811566 0.271286 102
0.050000 1.000000 1.600000 0.182369 0.124628 0.818105 0.264927 103
0.050000 1.000000 1.650000 0.172045 0.116634 0.822497 0.254605 103
0.050000 1.000000 1.700000 0.163747 0.110252 0.818195 0.245361 103
0.050000 1.000000 1.750000 0.159010 0.106264 0.822577 0.240434 106
0.050000 1.000000 1.800000 0.154028 0.102326 0.823088 0.234969 106
0.050000 1.000000 1.850000 0.148177 0.097718 0.827315 0.228810 106
0.050000 1.000000 1.900000 0.141754 0.092762 0.823934 0.221275 106
0.050000 1.000000 1.950000 0.136302 0.088513 0.830142 0.215553 106
0.050000 1.000000 2.000000 0.134570 0.086874 0.807151 0.211315 106
0.050000 1.000000 2.050000 0.133071 0.086102 0.809375 0.210095 107
0.050000 1.000000 2.100000 0.130558 0.084214 0.853113 0.210894 107
0.050000 1.000000 2.150000 0.130376 0.083853 0.856260 0.210753 107
0.050000 1.000000 2.200000 0.130450 0.083790 0.854351 0.210584 107
0.050000 1.000000 2.250000 0.130017 0.083333 0.853925 0.209933 107
0.050000 1.000000 2.300000 0.129611 0.082883 0.852911 0.209252 107
0.050000 1.000000 2.350000 0.129505 0.082711 0.851316 0.208920 107
0.050000 1.000000 2.400000 0.129197 0.082730 0.844668 0.208226 107
0.050000 1.000000 2.450000 0.129215 0.082462 0.851025 0.208530 107
0.050000 1.000000 2.500000 0.129156 0.082281 0.858153 0.208926 107
0.050000 1.000000 2.550000 0.129117 0.082159 0.858846 0.208858 107
0.050000 1.000000 2.600000 0.128813 0.081857 0.850144 0.207731 107
0.050000 1.000000 2.650000 0.128891 0.082199 0.848112 0.207897 107
0.050000 1.000000 2.700000 0.129564 0.082679 0.847394 0.208604 108
0.050000 1.000000 2.750000 0.129699 0.082680 0.849376 0.208840 108
0.050000 1.000000 2.800000 0.129424 0.082269 0.849858 0.208384 108
0.050000 1.000000 2.850000 0.129198 0.081983 0.850094 0.208042 108
0.050000 1.000000 2.900000 0.129091 0.081854 0.848600 0.207753 108
0.050000 1.000000 2.950000 0.128945 0.081720 0.848650 0.207565 108
0.050000 1.000000 3.000000 0.128899 0.081653 0.848376 0.207461 108
0.050000 1.000000 3.050000 0.128899 0.081653 0.848376 0.207461 108
0.050000 1.000000 3.100000 0.128877 0.081613 0.848141 0.207396 108
0.050000 1.000000 3.150000 0.128877 0.081613 0.848141 0.207396 108
0.050000 1.000000 3.200000 0.128885 0.081094 0.848009 0.206950 108
0.050000 1.000000 3.250000 0.128885 0.081094 0.848009 0.206950 108
0.050000 1.000000 3.300000 0.128868 0.081112 0.846991 0.206873 108
0.050000 1.000000 3.350000 0.128865 0.081169 0.846090 0.206847 108
0.050000 1.000000 3.400000 0.129724 0.081852 0.846295 0.207902 108
0.050000 1.000000 3.450000 0.129904 0.081989 0.846399 0.208121 108
0.050000 1.000000 3.500000 0.129900 0.082627 0.846231 0.208644 108
0.050000 1.000000 3.550000 0.130123 0.082736 0.847199 0.208935 108
0.050000 1.000000 3.600000 0.130348 0.082859 0.847898 0.209216 108
0.050000 1.000000 3.650000 0.130348 0.082859 0.847898 0.209216 108
0.050000 1.000000 3.700000 0.130348 0.082859 0.847898 0.209216 108
0.050000 1.000000 3.750000 0.130348 0.082859 0.847898 0.209216 108
0.050000 1.000000 3.800000 0.130336 0.082845 0.847923 0.209201 108
0.050000 1.000000 3.850000 0.130297 0.082818 0.847810 0.209148 108
0.050000 1.000000 3.900000 0.130297 0.082818 0.847810 0.209148 108
0.050000 1.000000 3.950000 0.130285 0.082805 0.847834 0.209132 108
0.050000 1.000000 4.000000 0.130285 0.082805 0.847834 0.209132 108
0.050000 1.000000 4.050000 0.130285 0.082805 0.847834 0.209132 108
0.050000 1.000000 4.100000 0.130379 0.082141 0.848345 0.208663 108
0.050000 1.000000 4.150000 0.130259 0.082060 0.848005 0.208503 108
0.050000 1.000000 4.200000 0.130259 0.082060 0.848005 0.208503 108
0.050000 1.000000 4.250000 0.130238 0.082047 0.847949 0.208477 108
0.050000 1.000000 4.300000 0.130238 0.082047 0.847949 0.208477 108
0.050000 1.000000 4.350000 0.130218 0.082034 0.847892 0.208450 108
0.050000 1.000000 4.400000 0.130841 0.082658 0.847427 0.209272 110
0.050000 1.000000 4.450000 0.130841 0.082658 0.847427 0.209272 110
0.050000 1.000000 4.500000 0.130841 0.082658 0.847427 0.209272 110
0.050000 1.000000 4.550000 0.130841 0.082658 0.847427 0.209272 110
0.050000 1.000000 4.600000 0.130841 0.082658 0.847427 0.209272 110
0.050000 1.000000 4.650000 0.130841 0.082658 0.847427 0.209272 110
0.050000 1.000000 4.700000 0.130841 0.082658 0.847427 0.209272 110
0.050000 1.000000 4.750000 0.130841 0.082658 0.847427 0.209272 110
0.050000 1.000000 4.800000 0.130808 0.082631 0.847314 0.209222 110
0.050000 1.000000 4.850000 0.130808 0.082631 0.847314 0.209222 110
0.050000 1.000000 4.900000 0.130808 0.082631 0.847314 0.209222 110
0.050000 1.000000 4.950000 0.130808 0.082631 0.847314 0.209222 110
0.050000 1.000000 5.000000 0.130808 0.082631 0.847314 0.209222 110
