14 1392 1404 1529 1673 2044 3211 3546 3885 4164 4165 4533 4980
19 20 21 22 23 327 358 359 360 361 362
30 1797 2035 2923 4159
31 32 294 295 297 300 301 304 310 407 1395
33 234 294 307 308 309 310 311 312 504 886 1246 1395 3650 4640
36 37 335 1372
41 186 330 1097 1297 1459 1561 2148 2325 2870 2932 3094 4065 4347 4739
46 47 2733 3807 4109 4110 4276 4604
51 52 53 1646 2131 4084
61 62 63 64 4305
65 66 67 68 119 1582 1599
69 317 802 911 1345 1389 1431 1472 1478 1651 2103 2105 2317 2376 3529 3956 4273 4704 4980 4982 4983
75 77 144 228 1765
80 152 683 684 1221 1222 1434 1604 1605 1606 1607 2726 4069 4514 4539 4600 4610 4673
85 87 91 172 265 332 644 697 1023 1026 1258 1354 1420 1561 1620 1699 2881 2920 2932 3287 3499 4065 4082 4111 4122 4161 4238 4336 4453
86 1157 1906 2720 2729 4189 4190 4194 4225 4230 4250 4263 4362 4403
94 877 1185 1453
95 96 97 104 1263 1452 1489 1564 1566 1843 4071
98 99 342 343 345 350 351 353 375 376 1337 1338 1521 4496
100 101 1381 1382 1454 4074
107 2073 2092 2098
113 118 176 205 357 617 817 830 1869 1956 2088 2757 3831 4413 4560
133 1389 1819 2317 2646 2700 4273 4967 4980
134 2178 3316 3545 3942 3994 4032 4575 4576 4577 4580 4583
139 374 430 1502 1579 2521 4316 4632
141 149 205 213 218 228 236 492 614 616 617 830 831 844 845 1536 1563 1598 1706 1723 1743 1765 3538 3588 3677 4630
150 151 153 166 448 490 528 585 614 615 617 638 782 1706 1878
159 164 659 1272 1273 1494 2683 2883 3652 3809 4097 4098 4519 4520
170 509 640 1153 1471 1492 1776 3278 3640 3668 4321
183 184 428 4540
187 1460 3924 3949 3962 4066
191 1301 2219 2331 3245 3624 3702 4191 4564 4566 4567 4571
193 261 390 405 1506 1572 2530 3772 4084
197 304 306 383 392 407 480 628 630 631 759 814 856 857 889 950 1199 1282 1473 1474 1475 2252 4124 4219
198 279 288 4366
210 1430 2049 2050 2917 4679
228 355 356 830 880 881 882 883 884 1067 1111 1536 1893 1979 2323 3473 3486 3681 4512 4513
244 310 313 1985 2436 2672 4107 4294
245 1088 2619 3062 3241 3589 3687 3717 4072 4192 4254 4263 4266
256 396 1258 1620 2235 2325 2932 3329 4065 4739
257 262 320 493 494 4319
319 447 544 1540
276 486 1478 2103 2857 3699
293 407 1152 1188 1393 1394 1395 1658 1710 1804
303 522 770 771 773 776 778 784 786 787 788 1288 1532 1868 1926 1927 1990 1994 1997 2960 2961 3357 3583 4158 4301 4388 4624
321 322 323 324
333 334 336 337 344 347 348 611 4619 4620
363 364 365 3527 4101
372 373 1682 1934 2387 2464 4265
395 402 403 1331 1385 1386
400 1196 1626 2697 2698 3049
404 406 2243 3126
412 2110 2111 2113 2114 2115 2116
422 3145 3249 4336
423 1414 1415 1815
459 1512 1514 3676
481 1377 1519 4129 4130
496 1542 1543 1544 1545
527 1448 1466 1467 1482 1697 4549
556 557 1283 2958
563 2011 3035 4163
574 963 1271 3525 3953 4049 4548 4627
587 811 904 984 1049 1533 1597 1888 1894 1975 2236 2244 2341 2342 2375 2495 2569 2671 2717 2723 2734 2864 2991 3074 3186 3208 3284 3294 3471 3560 3653 3693 3716 3921 3957 3973 4062 4531 4628 4698 4762 4764 4767 4773 4783 4785 4787 4794 4796 4798 4799 4826 4831 4835
605 1065 3626 3720 3858 4162 4169 4468
607 608 1122 1946 2328 2686 2687 2878 3054 3330 4248 4250 4307 4362 4403 4469 4522 4557
666 902 1441 1655 1656 2855 4092
678 775 1803 2071 2072 2077 2080 2084 2099
720 1349 1738 3506 3885 4210 4533 4976
722 724 1231 1421 1926 1927 1928 1930 1938 1941 1942 1943 3165 4990
743 776 1927 2722 4117 4624
756 904 925 1596 1597 1889 1894 1919 1975 2236 2384 2734 3186 3284 3294 3394 3471 3560 3636 3693 3731 3890 3915 4312 4527 4545 4628 4762 4769 4771 4773 4788 4792 4793 4796 4797 4798 4799 4804 4826 4835 4871
808 1213 1242 1371 1718 1860 3033 3577 4237 4517
813 822 825 4516
839 840 841 894 1163
860 891 1025 2043 2347
906 907 908 909 2851 3426 4067 4284 4285
920 928 932 1216 1876 2021 3098 3389
922 1363 1364 1365 1367 1802
926 927 1020 1218 1241 1269 1309 1384 1812 2249
933 1215 1629 3275 4280 4682
936 951 952 1130 2036 2938 4672
937 938 941 2524 2895
942 943 1156 2769
1006 2221 2361 2603 2720 3062 4194 4227 4230 4254 4466
1015 1289 1355 1356 1358 1359 1442 1787
1024 4072 4433 4511
1052 1161 1162 1522 1523 4523
433 1068 1300 1774 2314 2316 2346 2350 2351 2352 2624 2633 2635
1145 2627 3024 3885 4236 4533
1266 1842 2774 3023 4556
1284 2295 3900 4105 4106
1296 1440 1675 1676
1321 1368 1369 1370 2694 3112 3469 4068
1344 2055 2773 4202 4203 4535 4641
1405 1422 1423 1424 1425 1426 1427
1500 1501 1572 4293
1590 1591 1592 1593 1594 1595 1596 1597
1610 1614 1911 2478 2735 4710 4711
1668 1669 2943 3122 4188
1823 1906 1946 2361 2720 2808 2882 3091 3690 4168 4169 4189 4192 4194 4225 4227 4230 4250 4251 4252 4254 4255 4260 4263 4338 4498
1828 2048 2177 2564 3612
1858 2860 3665 4142 4143
1995 2375 2482 2535 3731 4766
1084 2191 2392 3232 3806 3941 3989 4765 4801 4890
2270 4573 4585 4587
1906 2298 2361 2656 2720 3717 4168 4170 4189 4194 4225 4230 4254 4255 4260 4263
3570 3902 4312 4993 4994
