14 1392 2044 3211 3546 4164
19 20 21 22 23 327 358 359 360 361 362
30 2035 2923 4159
31 32 295 300 301
33 307 308 309 312 504 886 1246 3650
41 330 2148 3094
46 47 2733 4109 4110 4276 4604
51 52 53 1646
61 62 63 64 4305
65 66 67 68 119 1582
69 317 802 1431 1472 2105 2376 4704 4982
75 77 144 228 1765
80 152 684 1221 1222 1434 1604 1605 1606 1607 2726 4069 4514 4539 4610 4673
85 87 91 172 265 332 697 1023 1354 1420 2881 2920 3287 3499 4111 4122 4238
86 1157 2729 4190 4250 4362
96 97 1263 1452 1489
98 99 342 343 345 353 375 1338 1521 4496
100 101 1454 4074
113 118 176 357 817 1869 1956 2088 2757 3831 4413 4560
134 3316 3545 3942 3994 4032 4575 4576 4577 4580 4583
139 374 1502 1579 2521 4316 4632
141 213 218 236 492 616 845 1563 1598 1723 1743 3538 3588 3677 4630
151 153 166 448 490 528 585 615 782 1878
159 164 659 1272 1273 1494 2883 3652 3809 4097 4098 4519 4520
183 184 428 4540
187 3949 3962 4066
191 1301 2219 2331 3245 3624 3702 4191 4564 4566 4567 4571
193 261 1506 2530 3772
197 306 383 392 480 628 630 631 759 814 856 857 889 1282 1473 2252 4124 4219
210 2049 2050 2917 4679
355 356 880 881 882 883 884 1111 1893 1979 2323 3473 3486 3681 4513
244 1985 2436 2672 4107 4294
245 2619 3589 3687
256 396 1258 1620 2235 2325 2932 3329 4065 4739
257 320 493 494 4319
276 486 2857 3699
293 1152 1188 1393 1394 1658 1710 1804
303 522 770 771 773 778 784 786 787 1288 1532 1990 1994 1997 2961 3357 3583 4158
321 322 323 324
333 334 336 337 344 347 348 611 4619 4620
363 364 365 3527 4101
372 373 1682 1934 2387 2464 4265
395 402 403 1386
400 1196 2697 2698 3049
404 406 2243 3126
412 2110 2111 2115 2116
422 3145 3249 4336
423 1414 1415 1815
459 1512 1514 3676
496 1542 1543 1544 1545
527 1448 1466 1467 1482 1697 4549
556 557 1283 2958
574 963 1271 3953 4049 4548 4627
587 811 984 1049 1533 1888 2244 2341 2342 2495 2671 2717 2723 2864 3074 3208 3653 3921 3957 3973 4698 4764 4767 4785 4787 4794
605 1065 3626 3720 3858 4162 4468
607 608 1122 2328 2686 2687 2878 3054 3330 4248 4307 4469 4557
666 902 1441 1655 1656 2855 4092
678 775 1803 2071 2072 2077 2080 2084 2099
724 1928 1930 1941 1942 1943 3165 4990
743 1927 2722 4624
756 1889 1919 2384 3636 4788 4804 4871
808 1213 1242 1371 1718 3033 3577 4237 4517
813 822 825 4516
839 840 841 894 1163
860 891 1025 2043 2347
906 907 908 909 2851 3426 4067 4284 4285
920 928 932 1216
922 1363 1364 1365 1367 1802
926 927 1020 1218 1269 1309 1384 1812 2249
933 1629 3275 4280
936 951 952 1130 2036 2938 4672
937 938 941 2524 2895
942 943 1156 2769
1006 2221 2361 2603
1015 1289 1355 1356 1359 1442 1787
1052 1161 1162 1522 1523 4523
1068 1300 1774 2314 2316 2346 2350 2351 2352 2624 2633 2635
1145 2627 3024 4236
1266 1842 2774 4556
1284 2295 3900 4105 4106
1321 1368 1369 1370 3112 3469 4068
1344 2055 2773 4202 4203 4535 4641
1405 1422 1423 1424 1425 1426 1427
1590 1591 1592 1593 1594 1595
1610 1614 1911 2478 4710 4711
1668 1669 2943 3122 4188
1823 2808 2882 3091 4251 4252 4338
1828 2048 2177 2564 3612
1858 2860 3665 4142 4143
1995 2482 2535 4766
2270 4573 4585 4587
1906 2298 2361 2656 2720 3717 4168 4170 4194 4225 4230 4254 4255 4260 4263
3570 3902 4993 4994
