1 2 3 4 5 6 7 8 9 10 11 13 14 15 16 17 19 20 21 22 23 25 26 27 28 31 32 33 34 95 96 120 170 172 173 174 175 176 177 178 179 180 181 182 267 270 271 349 353 354 355 356 357 359 361 367 380 401 411 443 614 820 881 1778 1790 1967 2199 2266 2267 2269 2270 2868 3506 3536 3539 3675
351 444 882 1924 2182 2271
19 20 21 33 96 263 271 406 407 408 409 411 412 413 414 421 820 980 1154 1790 1831 1833 1834 1852 1925 2299 2419 2420 2526 2725 3746 3902
21 174 296 367 401 2083 3539 3625 4161 4162 4163
29 30 39 40 42 43 44 47 52 54 55 57 60 69 73 105 107 109 138 139 140 144 147 150 152 216 302 304 310 345 468 470 479 480 491 492 493 494 495 508 509 510 511 512 513 531 541 554 555 556 576 577 578 579 585 590 591 592 595 599 600 602 603 610 616 620 623 631 632 645 656 663 665 672 754 755 756 765 808 823 854 862 864 900 901 902 914 960 964 981 991 993 996 997 999 1012 1013 1024 1035 1036 1037 1093 1096 1097 1098 1099 1100 1101 1102 1126 1134 1141 1156 1160 1181 1213 1214 1220 1267 1281 1285 1287 1310 1311 1312 1318 1323 1330 1347 1369 1376 1399 1412 1430 1432 1433 1434 1435 1438 1458 1505 1509 1510 1517 1525 1526 1527 1528 1573 1594 1614 1627 1646 1650 1669 1693 1766 1828 1842 1845 1849 1865 1873 1883 1893 1903 1904 1906 1939 1982 2082 2086 2121 2214 2215 2219 2236 2252 2421 2444 2445 2452 2502 2503 2593 2594 2634 2681 2685 2699 2719 2741 2769 2812 2821 2838 2839 2843 2845 2877 2909 3006 3010 3017 3089 3246 3344 3574 3799 3877 4245
36 101 183 354 381 398 446 448 449 464 466 472 504 525 526 549 563 565 568 569 570 605 607 608 640 649 652 703 735 772 773 774 791 796 833 874 883 887 956 979 1016 1029 1030 1041 1132 1194 1204 1342 1360 1410 1411 1451 1478 1515 1850 1894 1895 1897 1898 2011 2055 2330 2533 2646 2983 2984 3367 3904
37 38 145 146 147 184 188 235 236 381 425 426 427 428 429 430 431 432 433 434 435 436 437 438 439 440 448 449 451 458 526 528 544 545 546 547 549 561 572 605 606 649 650 652 741 773 782 784 809 834 848 849 874 883 888 899 956 967 978 1029 1030 1041 1042 1055 1056 1164 1198 1199 1201 1202 1223 1224 1255 1276 1304 1305 1306 1373 1410 1411 1457 1463 1684 1686 1749 1889 1898 1978 2055 2330 2984
41 42 51 56 469 475 480 484 511 579 603 727 737 805 840 987 988 989 990 991 992 993 994 995 1004 1005 1006 1028 1045 1139 1152 1210 1211 1232 1281 1332 1363 1403 1433 1453 1464 1471 1494 1754 1910 2260 2285 2286 2449 2514 2551 2717 3048 3380
45 46 1496 1992 2040 2415 4232
48 49 50 65 118 254 255 294 869 977 986 1173 1217 1397 1402 1783 1866 2079 2392 2599 2808 2842 3268 3410 3478 3857 3957
58 76 143 660 1100 1123 1277 1331 1351 2026 2099 2951 3032 3588 4216 4239
59 1264 1957 2222 2458 2737
62 217 290 471 520 608 622 640 642 690 702 777 778 779 780 827 835 852 903 960 961 963 1016 1147 1150 1205 1504 1557 1558 1791 1937 2503 2575 3067
64 105 203 428 429 523 529 609 664 665 754 1364 1458 1477 1590 2217 2254 3290
66 886 2489 2490 2708 3512 4173 4174
67 548 713 714 1441 1794 1825 1834 1960 1961 1962 1963 1964 1965 1966 1967 1969 1970 2066 3183 3847
68 112 3465 3862 3957
70 83 191 192 193 194 205 206 207 208 209 210 211 212 476 553 601 643 850 1882 3671
71 78 79 80 92 100 117 316 352 399 446 471 472 485 486 501 518 519 520 524 566 567 568 570 603 607 608 617 618 621 622 630 637 638 639 640 641 642 651 658 678 679 680 682 683 684 689 690 692 694 699 700 701 702 703 707 710 711 717 725 726 732 735 757 772 784 791 796 797 825 827 831 832 841 845 852 892 893 894 903 928 929 930 940 941 944 945 946 949 951 952 953 954 962 1016 1047 1059 1060 1061 1084 1089 1148 1149 1165 1195 1251 1320 1321 1334 1341 1342 1420 1421 1425 1426 1440 1454 1456 1462 1548 1556 1557 1558 1565 1572 1598 1600 1601 1616 1688 1714 1784 1839 1854 1872 1875 1878 1880 1894 1896 1907 1908 1916 1923 1937 1943 2027 2152 2284 2423 2431 2466 2484 2488 2536 2554 2555 2588 2600 2601 2649 2748 2828 2841 2911 2930 2931 2933 2934 2963 2983 3035 3041 3319 3351 3359 3360 3367 3429 3583 3966
74 75 76 106 660 1509 1796 2046 2307 2457 2906 3149 3281 3282
76 659 660 822 862 1122 1123 1277 1279 1307 1308 1397 1488 1561 1562 2099 2107 2200 2208 2727 3588 4007
80 84 85 137 165 308 594 672 681 753 1036 1037 1216 1493 1767 2419 2420 2685 2725 2927 3712
81 536 537 542 558 560 588 589 659 720 721 815 859 862 864 913 914 984 1093 1123 1275 1303 1494 1625 1656 1899 1917 1940 3113 3564
82 116 574 1094 3058 3728
86 288 704 706 709 1341 3098 3717 3718
87 287 505 699 969 970 1341 1342 1456 1696 1907 1908 2554 2646 2649 2911 2968 3423 3424 3429 3879
90 1186 3411 3818
91 198 201 648 654 655 933 948 1028 1086 1293 1407 1468 1657 1658 1659 1661 1668 1671 2455 2666 3714 3775 3776 3777
97 441 625 626 867 1468 1705 1712
102 113 151 293 359 854 966 979 1089 1194 1374 1385 1430 1589 1660 1910 1911 2027 2512 2845 3410
103 625 626 648 871 872 932 935 946 987 1045 1293 1294 1295 1420 1421 1425 1468 1551 1553 1670 1704 1706 1907 1908 1947 1949 2006 2154 2325 2666 3139 3329 3343 3982
104 111 119 125 183 188 467 503 544 545 546 549 652 791 848 861 874 885 985 1041 1056 1144 1255 1276 1291 1304 1305 1373 1411 1559 1897 1928 1929 1930 1933 1993 1994 1996 2210 3019 3143 3579 3618 3686
110 277 303 396 606 677 685 691 1288 2003 2004 2005 2055
115 289 291 292
124 132 134 153 577 847 996 1001 1008 1010 1156 1296 1298 1397 1976 2046 2196 2203 2858 3511 3523
503 544 545 724 1038 1039 1096 1133 1252 1253 1254 1586 1897 1929 1930 1933 3150
126 133 136 2008 2960
141 147 492 572 766 837 838 858 890 891 1024 1285 1312 1346 1347 1443 1573 1694 1754 1773 1984 2248 2249 2529 2570 2689 2699 2777 2779 2792 2809 2813 2862 3577 3994
147 199 528 611 739 1259 1260 1395 2208 2915
148 161 183 718 719 993 1005 1025 1076 1249 1375 1382 1569 1570 1681 2142 2265 2505 2506 2804 2893 2976 3011 3086 3195 3890
149 2884 3013 3346
552 572 2010 2491 2686 2757 2854
155 156 1119 1120 1121
157 512 579 993 1005 1013 1028 1073 1516 1539 1987 1988 1989 2790 2969 4325
158 1386 2157 2205 2744 2775 3353
167 168 586 587 647 648 920 1366 1459 2982 3129
446 744 2125 2297 3668 4284 4285 4337 4339 4345 4348 4349 4350 4351 4352 4353
195 196 214 237 238 239 240 241 242 243 300 301 304 306 307 309 310 313 345 454 463 464 465 554 599 600 771 806 826 902 1282 2429 2685
197 199 200 1792 1793 2233
215 633 634 635 636 644 645 696 950 957 958 1102 1103 1104 1105 1106 1107 1108 1109 1771 1797 1857 1858 1860 2030 2103 2127 2166 2367 2485 2518 3007 3986
1430 1521 1614 1903 1904 1905 2354 2502 3339 3340
217 507 2418 2466 2634 3712
221 658 705 1309 1341 1491 2576 3213 4219
222 223 224 225 226 228 229 232 234 267 273 274 275 405 411 414 624 666 715 716 792 883 968 1056 1168 1256 1286 1301 1371 1480 1481 1824 1826 1853 1885 1948 1949 2299 2526 2596 2658 2883 3343 4177
42 135 231 551 657 672 806 879 1035 1493 1646 2086 2181 2212 2572 2599 2927
244 245 298 346 364 365 367 368 370 371 372 373 375 376 377 378 379 380 2300 2303
246 247 248 249 250 251 252 253 532 573 577 579 687 688 901 996 997 1001 1007 1138 1156 1213 1214 1233 1279 1281 1297 1499 2553 2604 2762
262 353 614 798 873 975 981 1425 1558 1598 1978 2294 2638 2963 3778 3840 3843 3844
273 414 418 419 421 1175 1176 2298 2299 2440 2443 2524 2526
278 1091 1092 2705 3374 3581
282 2636 2637 3022 3336 3672 3835 3836
122 181 228 280 283 285 286 481 482 693 697 802 803 804 819 824 836 860 1049 1090 1169 1170 1171 1172 1184 1185 1187 1188 1189 1190 1191 1215 1228 1318 1328 1354 1447 1663 1698 1715 1758 1994 2027 2028 2416 2425 2473 2514 2589 2622 2925 3288 4258
295 461 745 746 748 918 1051 1052 1053 1063 1830 1870 1871 2754
297 593 1033 1155 2169 2680 2859
369 1677 2064 2170 3916 3924 4135
382 384 1290 1431 1469 1724 1772 2098 2187 2864 3857 4058 4059 4060 4061
388 389 390 391 392 393 394 395 924 925 926 2032 2188 2189 2527 2607 3724
474 488 498 499 828 829 830 1043 1044 1064 1065 1066 1067 1068 1069 1070 1071 1072 1077 1078 1079 1080 1268 1269 1973 1974 2000 2113 2114 2206 2223 2224 2225 2261 2498 2552 2651 2789 2988 2998 3241 3335 3565 3670 3753 3987
538 665 1126 1507 3092 3093 3094 3095
496 497 905 906 907 908 909 910 987 1002 1003 1045 1261 1959 2154 2867
516 676 1915 2453 3602 3677 3678 4292 4363
517 673 674 1043 1178 1179 1236 1800 1801 1802 1803 1804 1805 1990 1991 2143 2190 2206 2338 2341 2345 2360 2398 2399 2400 2403 2453 2546 2629 2630 2631 2652 2653 2654 2655 2704 2806 3073 3486 3602 3752 3753 3754 3774 3863 4088 4280
521 522 904 1157 1158 1416 1441 1673 1674 1963 2065 2075 2133 2170 2668 3749
250 532 533 577 752 821 996 997 1001 1008 1010 1156 1209 1213 1214 1280 1297 1353 1355 1358 1365 1390 1397 1402 2259 2604 2762 3240
561 564 794 2564 3533
581 811 1444 1445 1863 3285 3661 4193
942 1688 2423 2488 2554 2600 2601 2602 2603 2828 3041 3351
604 1278 1283 1284 1633 2277
653 1408 1409 1704
669 1602 1603 4226
670 671 1289 1951
1145 1146 1262 2113 2360 2714 2825 3045 3474 3805
352 1082 1452 2233 2497
712 1020 1021 1023 3183
729 730 731 2679 3172 3173 3192 3193
728 885 1159 1393 1436 1461 1608 1609 1615 1674 1970 1975 2021 2095 2144 2145 2180 2614 2615 3550
738 739 1088 1591 1628 1862 2208 3951
740 768 971 1582 1626 2240 2241 2707
742 743 1349 1576 2917 3060 4362
752 821 1008 1010 1209 1212 1280 1357 1450 1953 1954 2389 2873 3038 3301 3302
766 767 795 857 1046 1617 1618 1709 2660 2776 2777 2778 2779 2923 2924
493 775 943 1274 1329 1356 1412 1413 1414 1505 1631 1669 1766 1806 2769 2803 3450
776 1588 2826 2979 3212
60 72 75 138 144 807 1302 1502 1528 1695 1750 1751 1817 2593
816 817 818 1383 2910 3607 4217 4218
828 830 1704 2114 2311 2312 3300 3335
851 1134 1220 1578 1807 1808 1811
870 972 973 1605 2799
876 1628 1629 2659 2962 3280
895 896 897 3482 3483 3750
922 923 1638 1639 1640 1641 1710 2892
931 1647 1648 1649 1650 1651 1788
1083 1377 2001 2201 2556 2557 3087 3169 3170 3171 3277 3872 3873
1009 1011 1280 1350 2022 2023 3522
1025 2975 3204 3768 4008
99 1018 1057 1770 2256 2257 2605 3197
1137 2891 3350 4260
1194 1736 2735 3974
1196 1197 1365 2727
2078 3278 3279 3921
1372 2486 2487 3587
1419 1501 1798 2396
1314 1422 1423 1950
1437 2161 2162 2177 2178 2179
1474 1740 2597 2855
1711 2814 2815 2822
1716 1718 1918 1919 1921 2762
1774 2918 2919 3975 3976 3977
1819 2728 2770 2813 2980
1997 2357 2358 2496 2704 2723 2807 2840 4196
2076 2663 3198 3633 3634 3635
2091 2406 3508 3509 3510
2153 2155 2643 3205
2198 2329 2541 2881
2376 2695 2696 2697
2436 2437 3324 3569
2471 3729 3808 3928 4314 4315
1713 2140 2690 2691 2692 2715
2702 2871 2887 2987 3376 4341
2389 2720 3867 3990
2734 3000 3177 3214 3215
2761 3295 3296 3298 3299
2863 2938 2939 3136 3137 3138
1166 2921 3151 3152 3283 4215
3342 4113 4165 4211
