1 2 3 4 5 6 7 8 9 10 11 12 13 14 15 16 17 19 20 21 22 23 25 26 27 28 31 32 33 34 35 95 96 120 122 170 172 173 174 175 176 177 178 179 180 181 182 267 270 271 272 275 298 348 349 353 354 355 356 357 358 359 360 361 367 369 371 372 379 380 401 404 411 419 421 443 445 481 614 820 880 881 939 975 983 1051 1180 1326 1449 1524 1702 1778 1790 1910 1967 1972 2052 2061 2197 2199 2233 2266 2267 2269 2270 2275 2305 2492 2565 2628 2868 2883 3506 3536 3539 3675 3741
18 19 20 21 23 27 32 95 267 270 271 272 351 360 404 411 444 882 939 1019 1020 1924 1967 2122 2182 2183 2233 2268 2270 2271 3506
19 20 21 33 96 263 271 406 407 408 409 411 412 413 414 421 820 980 1154 1790 1831 1833 1834 1852 1925 2299 2419 2420 2526 2725 3746 3902
21 174 296 367 401 2083 3539 3625 4161 4162 4163
29 30 39 40 42 43 44 47 52 54 55 57 60 69 73 105 107 109 138 139 140 144 147 150 152 216 302 304 310 345 468 470 479 480 491 492 493 494 495 508 509 510 511 512 513 531 541 554 555 556 558 576 577 578 579 585 590 591 592 595 599 600 602 603 610 616 620 623 631 632 645 656 658 663 665 672 734 754 755 756 765 806 808 823 854 862 864 900 901 902 914 960 964 981 991 993 996 997 998 999 1012 1013 1024 1035 1036 1037 1093 1096 1097 1098 1099 1100 1101 1102 1126 1134 1141 1156 1160 1181 1213 1214 1220 1267 1281 1285 1287 1310 1311 1312 1318 1323 1330 1339 1347 1368 1369 1376 1399 1412 1430 1432 1433 1434 1435 1438 1458 1494 1505 1509 1510 1517 1525 1526 1527 1528 1573 1594 1614 1627 1646 1650 1669 1691 1693 1766 1828 1842 1845 1849 1865 1873 1883 1893 1903 1904 1906 1939 1982 2026 2082 2086 2108 2121 2214 2215 2219 2236 2252 2421 2444 2445 2452 2502 2503 2593 2594 2634 2681 2685 2699 2719 2741 2769 2812 2821 2838 2839 2843 2845 2862 2872 2877 2909 3006 3010 3017 3089 3246 3344 3574 3799 3877 4245
36 101 183 354 381 398 446 448 449 464 466 472 504 525 526 549 563 565 568 569 570 605 607 608 640 649 652 703 735 772 773 774 791 796 833 874 883 887 956 979 1016 1029 1030 1041 1132 1194 1204 1342 1360 1410 1411 1451 1478 1515 1850 1894 1895 1897 1898 2011 2055 2330 2533 2646 2983 2984 3367 3904
37 38 145 146 147 183 184 188 199 202 235 236 315 381 425 426 427 428 429 430 431 432 433 434 435 436 437 438 439 440 448 449 451 458 526 527 528 544 545 546 547 549 561 572 605 606 649 650 652 741 773 774 782 784 809 834 848 849 874 883 885 888 889 899 956 967 978 1014 1029 1030 1031 1041 1042 1055 1056 1062 1164 1198 1199 1200 1201 1202 1223 1224 1255 1276 1304 1305 1306 1343 1367 1373 1391 1410 1411 1457 1463 1482 1495 1684 1686 1697 1749 1889 1898 1978 1995 2049 2055 2210 2211 2330 2445 2533 2885 2984 3741 3904
41 42 51 56 60 105 138 197 216 302 469 471 475 480 484 493 511 531 535 540 579 595 600 602 603 607 616 621 631 634 645 646 658 689 703 727 737 754 764 788 793 805 839 840 864 960 964 987 988 989 990 991 992 993 994 995 1004 1005 1006 1012 1028 1045 1125 1138 1139 1140 1141 1152 1181 1210 1211 1217 1232 1233 1267 1279 1281 1323 1332 1361 1363 1400 1402 1403 1433 1453 1464 1471 1494 1646 1650 1675 1754 1865 1883 1910 2086 2154 2208 2239 2252 2260 2285 2286 2421 2445 2449 2452 2503 2514 2551 2604 2634 2693 2717 2824 2839 2897 3010 3020 3048 3091 3144 3246 3267 3380 3572 3573 3799 4245
45 46 134 540 1382 1432 1494 1496 1646 1992 2040 2415 3086 4232
48 49 50 65 118 254 255 294 425 535 665 835 869 888 977 986 1040 1164 1173 1194 1200 1201 1217 1339 1361 1397 1402 1754 1783 1786 1866 1892 1978 2079 2239 2392 2599 2787 2808 2842 3268 3290 3291 3410 3478 3572 3857 3957
58 76 143 660 1100 1123 1277 1331 1351 2026 2099 2951 3032 3588 4216 4239
59 1264 1957 2222 2458 2737
62 217 290 471 520 608 622 640 642 690 702 777 778 779 780 827 835 852 903 960 961 963 1016 1147 1150 1205 1504 1557 1558 1791 1937 2503 2575 3067
64 89 105 123 140 146 147 199 200 201 202 203 381 425 428 429 434 436 437 448 458 471 492 493 523 528 529 531 549 609 634 649 658 664 665 700 703 754 784 856 899 956 965 1014 1030 1056 1330 1336 1341 1364 1430 1458 1477 1478 1509 1573 1590 1686 1898 2049 2217 2254 2359 2750 2766 2877 2907 3135 3290 3291 3574
66 886 887 985 1309 1313 1351 1388 1591 1692 1952 2489 2490 2708 3512 3606 4173 4174 4216
67 219 227 369 386 461 548 609 713 714 747 786 865 884 1019 1020 1021 1050 1092 1159 1441 1623 1794 1795 1822 1825 1834 1879 1960 1961 1962 1963 1964 1965 1966 1967 1968 1969 1970 2065 2066 2067 2087 2112 2144 2586 2726 2859 3183 3749 3847 4326
68 112 3465 3862 3957
70 83 191 192 193 194 205 206 207 208 209 210 211 212 216 217 301 302 454 471 476 480 553 568 599 600 601 602 603 607 621 625 631 632 634 643 646 658 703 733 777 778 779 780 782 806 835 850 887 912 960 1126 1134 1150 1161 1163 1181 1205 1208 1216 1220 1267 1312 1415 1430 1440 1557 1620 1650 1767 1849 1882 1883 2446 2466 2503 2634 2685 2699 2719 2750 2907 3010 3067 3246 3671
71 78 79 80 92 99 100 117 125 286 307 316 352 354 399 442 446 460 464 466 467 471 472 485 486 501 503 504 518 519 520 524 544 549 563 565 566 567 568 570 596 599 600 603 607 608 617 618 621 622 630 637 638 639 640 641 642 651 658 678 679 680 682 683 684 689 690 692 694 695 696 699 700 701 702 703 707 708 710 711 717 725 726 732 734 735 744 757 772 773 774 778 784 791 796 797 798 825 827 831 832 835 841 845 852 892 893 894 903 915 921 928 929 930 940 941 944 945 946 949 950 951 952 953 954 960 962 970 1016 1018 1038 1039 1040 1047 1059 1060 1061 1081 1084 1089 1108 1128 1147 1148 1149 1150 1165 1195 1204 1205 1207 1208 1251 1267 1309 1320 1321 1322 1333 1334 1341 1342 1363 1367 1420 1421 1425 1426 1440 1454 1456 1462 1478 1479 1548 1556 1557 1558 1565 1571 1572 1598 1600 1601 1616 1662 1684 1685 1688 1714 1741 1784 1839 1840 1850 1854 1872 1875 1878 1880 1894 1896 1897 1907 1908 1916 1923 1931 1935 1937 1943 1983 2027 2031 2087 2125 2152 2232 2284 2287 2294 2297 2423 2431 2444 2445 2464 2466 2484 2488 2536 2554 2555 2588 2596 2600 2601 2646 2649 2748 2828 2841 2907 2911 2930 2931 2933 2934 2963 2968 2983 2984 3014 3035 3041 3061 3067 3273 3306 3319 3351 3359 3360 3367 3429 3583 3778 3779 3825 3840 3842 3844 3966 4279 4345
74 75 76 105 106 616 660 1194 1279 1488 1509 1796 2046 2099 2307 2457 2906 3149 3281 3282
76 659 660 822 862 1122 1123 1277 1279 1307 1308 1397 1488 1561 1562 2099 2107 2200 2208 2727 3588 4007
80 84 85 137 165 308 594 672 681 753 1036 1037 1216 1493 1767 2419 2420 2685 2725 2927 3712
81 88 512 513 536 537 540 542 558 559 560 582 588 589 659 662 720 721 815 859 862 863 864 913 914 984 1075 1093 1098 1099 1100 1101 1102 1123 1160 1275 1303 1432 1489 1494 1530 1612 1625 1656 1899 1917 1940 2100 2465 2540 2577 2857 2926 3006 3086 3099 3113 3564 3679
82 116 574 1094 1868 1869 2014 3058 3098 3174 3728
86 285 286 288 354 446 503 504 563 613 649 658 704 706 709 734 792 796 1016 1038 1039 1229 1309 1341 1478 1479 1586 1850 1897 1898 3098 3668 3717 3718 4134 4350 4352
87 287 505 699 703 946 969 970 1341 1342 1425 1456 1686 1696 1894 1907 1908 2554 2646 2649 2828 2911 2931 2933 2934 2968 3041 3423 3424 3429 3879
90 1186 2993 3411 3818
91 197 198 199 200 201 202 348 625 626 648 654 655 844 866 933 934 936 948 1028 1085 1086 1131 1161 1293 1294 1295 1407 1468 1657 1658 1659 1661 1668 1671 1704 1706 1707 1712 1855 1881 1908 2344 2455 2647 2666 2947 3714 3775 3776 3777
97 174 401 441 625 626 633 648 867 871 933 1293 1295 1468 1704 1705 1712 2439
102 113 151 293 359 854 966 979 1089 1194 1374 1385 1430 1589 1660 1910 1911 2027 2512 2845 3410
103 625 626 648 871 872 932 935 946 987 1045 1293 1294 1295 1420 1421 1425 1468 1551 1553 1670 1704 1706 1907 1908 1947 1949 2006 2154 2325 2666 3139 3329 3343 3982
104 111 119 125 183 188 467 503 544 545 546 549 652 791 848 861 874 885 985 1041 1056 1144 1255 1276 1291 1304 1305 1373 1411 1559 1897 1928 1929 1930 1933 1993 1994 1996 2210 3019 3143 3579 3618 3686
110 235 236 261 277 300 303 315 381 386 387 396 400 423 424 455 472 570 605 606 608 640 677 685 686 689 690 691 772 827 833 880 885 888 1132 1202 1288 1320 1343 1463 1478 1878 1894 1978 1983 2003 2004 2005 2055 2273 2330 2450 2477 2533 2596 3904
115 289 290 291 292 293 833 2446 3135
124 132 134 153 250 532 577 847 996 997 1001 1008 1010 1156 1213 1281 1296 1297 1298 1299 1397 1563 1976 2046 2196 2203 2219 2706 2858 3003 3511 3523
503 544 545 724 1038 1039 1096 1133 1252 1253 1254 1586 1897 1929 1930 1933 3150
126 133 136 1025 2008 2293 2590 2727 2960 3101 3102
141 147 483 492 495 572 631 632 766 782 837 838 858 890 891 979 1014 1024 1030 1285 1291 1312 1346 1347 1443 1485 1503 1573 1694 1754 1773 1984 2248 2249 2529 2570 2689 2699 2766 2777 2778 2779 2792 2809 2813 2821 2862 3295 3577 3994
147 199 528 611 739 1259 1260 1395 2208 2915
148 161 183 718 719 993 1005 1025 1076 1249 1375 1382 1569 1570 1681 2142 2265 2505 2506 2804 2893 2976 3011 3086 3195 3890
149 1382 1418 1849 1873 2097 2884 2886 3013 3075 3346
137 308 550 551 552 572 594 681 806 879 912 1035 1192 1493 1946 2010 2086 2397 2491 2686 2743 2757 2821 2845 2854 2927
155 156 662 1012 1076 1119 1120 1121 1123 1125 1129 1130 1139 1140 1490 1786 3541
157 486 510 512 513 579 662 993 1005 1013 1028 1073 1074 1099 1100 1101 1516 1539 1987 1988 1989 2208 2790 2969 4325
158 787 1335 1336 1386 2026 2140 2157 2205 2207 2744 2765 2766 2767 2775 2941 3079 3353 3871
167 168 202 449 458 526 586 587 625 626 647 648 695 741 773 874 883 920 935 956 1041 1062 1224 1255 1293 1295 1366 1411 1459 1468 1684 1693 1712 1815 1898 2982 3129 3136 4118
446 744 2125 2297 3668 4284 4285 4337 4339 4345 4348 4349 4350 4351 4352 4353
195 196 213 214 237 238 239 240 241 242 243 300 301 302 304 305 306 307 309 310 313 345 347 453 454 463 464 465 466 504 514 551 554 562 594 599 600 602 603 612 672 681 770 771 806 826 902 1034 1163 1216 1267 1282 1311 1323 1493 1728 1767 1848 2031 2429 2444 2634 2685 2845 2927 3246
197 199 200 1792 1793 2233
213 214 215 599 633 634 635 636 644 645 696 810 862 950 957 958 1025 1102 1103 1104 1105 1106 1107 1108 1109 1111 1375 1487 1520 1684 1761 1771 1797 1857 1858 1860 2030 2073 2103 2127 2166 2279 2367 2485 2518 3007 3467 3986
1430 1521 1614 1903 1904 1905 2354 2502 3339 3340
217 480 507 595 600 603 825 1650 1865 2418 2466 2634 3712
216 221 471 480 631 633 634 645 658 700 703 705 1309 1341 1440 1491 2284 2424 2576 3010 3213 4219
222 223 224 225 226 228 229 232 234 263 267 271 273 274 275 280 285 287 405 411 412 414 421 572 623 624 657 665 666 715 716 722 792 809 856 875 883 934 939 968 1056 1127 1154 1168 1175 1176 1256 1286 1301 1320 1371 1406 1480 1481 1506 1715 1723 1758 1824 1826 1853 1885 1946 1948 1949 1963 2175 2299 2524 2526 2549 2596 2640 2658 2726 2883 3343 3749 4177
42 135 231 551 657 672 806 879 1035 1493 1646 2086 2181 2212 2572 2599 2927
244 245 298 346 364 365 367 368 370 371 372 373 375 376 377 378 379 380 1176 2300 2303 2492
246 247 248 249 250 251 252 253 511 532 573 577 579 687 688 764 901 993 996 997 998 1001 1007 1012 1013 1124 1129 1138 1156 1213 1214 1233 1279 1281 1297 1490 1498 1499 1779 2219 2258 2259 2553 2604 2706 2762 2858 3541
256 258 259 348
257 2164 2165 3104 4323
262 353 614 798 873 975 981 1425 1558 1598 1978 2294 2638 2963 3778 3840 3843 3844
273 414 418 419 421 1175 1176 2298 2299 2440 2443 2524 2526
278 622 786 1021 1091 1092 2705 2746 3374 3581 3966
282 500 535 2016 2053 2454 2636 2637 2793 3022 3336 3445 3446 3447 3567 3672 3735 3795 3835 3836 3851 3852 4313
122 181 187 228 280 283 284 285 286 287 386 481 482 527 693 696 697 784 792 802 803 804 819 824 836 844 856 860 861 865 866 939 1039 1049 1050 1089 1090 1144 1169 1170 1171 1172 1180 1184 1185 1187 1188 1189 1190 1191 1203 1215 1228 1229 1313 1318 1328 1354 1392 1415 1446 1447 1585 1606 1663 1698 1713 1715 1758 1768 1778 1872 1993 1994 1995 1996 2027 2028 2112 2233 2273 2416 2425 2473 2488 2514 2589 2591 2622 2925 3035 3195 3288 3351 3579 3618 3684 3741 4258 4259
295 461 745 746 747 748 749 918 1027 1051 1052 1053 1063 1092 1830 1870 1871 2054 2519 2754 2793 3009 3214 4009
297 593 1033 1036 1037 1134 1155 1161 1163 1216 1220 1415 1439 1620 1953 2169 2425 2622 2634 2639 2680 2859 2873
327 2796 3486 3923
350 871 1313 1758 2298 2299 2313
369 1677 2064 2170 3916 3924 4135
382 383 384 385 386 387 400 1290 1362 1431 1469 1511 1724 1772 2098 2187 2335 2864 3857 4058 4059 4060 4061
388 389 390 391 392 393 394 395 924 925 926 1642 1644 1645 1780 2032 2033 2188 2189 2314 2527 2607 3724 4214
474 478 488 498 499 828 829 830 1043 1044 1064 1065 1066 1067 1068 1069 1070 1071 1072 1077 1078 1079 1080 1268 1269 1973 1974 1986 2000 2113 2114 2206 2223 2224 2225 2261 2321 2498 2552 2651 2789 2908 2988 2998 3096 3241 3335 3475 3565 3602 3668 3670 3748 3753 3987 4126
150 273 528 538 665 813 875 1126 1507 2298 2524 2818 3010 3092 3093 3094 3095
496 497 626 799 905 906 907 908 909 910 987 1002 1003 1045 1135 1261 1264 1265 1954 1959 2154 2191 2222 2388 2458 2867 3189 3571 3589 4230
516 676 1915 2453 3602 3677 3678 4292 4363
517 673 674 1043 1178 1179 1236 1314 1712 1800 1801 1802 1803 1804 1805 1990 1991 2143 2190 2206 2338 2341 2345 2356 2360 2398 2399 2400 2401 2402 2403 2405 2453 2546 2629 2630 2631 2652 2653 2654 2655 2704 2801 2806 2908 3005 3073 3100 3201 3321 3402 3403 3464 3486 3494 3602 3752 3753 3754 3774 3798 3863 3869 3895 4088 4280
521 522 904 938 1157 1158 1159 1416 1441 1673 1674 1822 1834 1963 1968 1970 1972 2065 2067 2075 2133 2134 2144 2170 2178 2668 3072 3749
250 532 533 577 752 821 996 997 1001 1008 1010 1156 1209 1213 1214 1280 1297 1353 1355 1358 1365 1390 1397 1402 2259 2604 2762 3240
561 564 794 2564 3533
580 581 582 583 584 811 812 854 1309 1335 1444 1445 1492 1693 1736 1863 1888 1892 2598 2725 2816 3285 3661 4193
942 1688 2423 2488 2554 2600 2601 2602 2603 2828 3041 3351
604 1126 1278 1283 1284 1517 1633 2138 2277 3436
653 1326 1408 1409 1704 2166
668 669 862 1602 1603 4226
670 671 1289 1951 2031 2140 2207 2291 2765 3491
1043 1145 1146 1262 1712 1804 1805 2113 2114 2206 2360 2403 2714 2825 3045 3474 3486 3805
352 500 707 708 940 1082 1452 2233 2497
712 959 961 1019 1020 1021 1023 1609 3183
729 730 731 2057 2675 2679 2818 3011 3124 3172 3173 3192 3193 3870
728 861 885 1159 1393 1436 1451 1461 1608 1609 1615 1674 1970 1975 2021 2068 2095 2144 2145 2180 2503 2614 2615 3067 3072 3550
738 739 1088 1591 1628 1862 2208 3951
740 768 971 1498 1582 1626 1779 2240 2241 2284 2707 2821
742 743 785 885 1255 1340 1349 1369 1451 1576 2052 2140 2778 2917 3060 4362
752 821 1008 1010 1209 1212 1280 1357 1450 1953 1954 2389 2873 3038 3301 3302
766 767 795 857 985 1046 1475 1617 1618 1709 1946 1984 2140 2509 2660 2713 2776 2777 2778 2779 2922 2923 2924
89 492 493 495 628 775 787 943 1018 1024 1126 1273 1274 1285 1329 1347 1356 1412 1413 1414 1505 1594 1631 1669 1766 1806 1845 2023 2024 2082 2219 2573 2741 2769 2792 2803 2826 2833 3295 3450 3799
776 1024 1588 2594 2812 2826 2837 2979 3212
60 72 75 89 128 138 139 144 159 233 495 580 582 584 787 807 808 964 965 1181 1273 1302 1339 1502 1528 1612 1691 1695 1750 1751 1817 1845 1949 2513 2573 2578 2593 2598 2816 2843 2890 3282 3825
816 817 818 1383 1570 2265 2506 2736 2884 2910 2928 3086 3195 3203 3592 3607 3890 4217 4218
828 830 1704 2114 2311 2312 3300 3335
667 844 851 1035 1037 1134 1161 1216 1220 1415 1439 1578 1620 1807 1808 1811
870 871 972 973 1351 1440 1605 2012 2799 2869 3027
876 1628 1629 2659 2736 2884 2962 3280
895 896 897 1597 1598 1677 1825 3482 3483 3750
922 923 1638 1639 1640 1641 1710 2892 3486
931 1647 1648 1649 1650 1651 1652 1788
511 1083 1377 1580 2001 2201 2556 2557 3087 3169 3170 3171 3277 3766 3872 3873 3926 4011
1001 1009 1011 1012 1135 1230 1270 1271 1280 1299 1350 1397 1744 1954 2022 2023 2024 2196 3276 3522 3574 3589
1025 1307 2727 2975 3204 3768 4008
99 112 582 1017 1018 1057 1736 1770 2256 2257 2605 3197
1137 2891 3349 3350 4260
1194 1736 2594 2735 2813 3974
993 998 1196 1197 1233 1307 1365 2100 2727
150 1580 2078 3278 3279 3921
1372 2486 2487 3587
1419 1500 1501 1798 1827 1867 2396
1314 1422 1423 1950
885 1437 1461 1975 2021 2118 2161 2162 2177 2178 2179 2180 3071
1474 1740 1865 2597 2855 4166
1310 1549 1550 1552 1553 1707
1711 1721 2814 2815 2822
996 1716 1718 1918 1919 1921 2604 2762
568 1743 3023 3334
1774 1775 1776 2918 2919 3975 3976 3977
1623 1799 3183 4249
1554 1773 1819 2728 2770 2809 2813 2980 3577
1997 2355 2357 2358 2496 2704 2723 2801 2807 2840 3005 3321 4196
2018 2019 2020 2023
1027 2061 2280 2281
2076 2663 3198 3633 3634 3635
2091 2406 3508 3509 3510 3511
2153 2154 2155 2643 3205
2198 2329 2424 2541 2794 2881 3253
2255 2662 2749 2859 2977 3444
2376 2695 2696 2697
513 1100 2436 2437 3324 3569
2471 3729 3808 3928 4314 4315
2568 2569 3108 3109 3312
1335 1336 1713 2140 2207 2690 2691 2692 2715 2765 2778 2941 3079
2702 2871 2887 2987 3376 4341
2389 2720 3867 3990
1019 1020 1821 1834 1961 1963 1967 2734 2947 3000 3163 3177 3214 3215 3272 3749
2761 2792 3295 3296 3298 3299 4250
854 2810 2811 2937
2863 2938 2939 3136 3137 3138
1166 2921 3151 3152 3283 4215
2935 2936 3200 3201
3342 4113 4164 4165 4211
4124 4125 4126 4287
