7 1006 2603 3571
10 11 12 209 276 317 486 802 1472 1478 2011 2103 2105 2376 2857 2919 3503 3506 3699 4137 4210 4602 4963 4982
14 69 133 317 529 720 802 911 1145 1345 1389 1392 1404 1431 1472 1478 1529 1651 1673 1819 1826 2044 2317 2376 2618 2627 3024 3211 3217 3506 3546 3679 3885 4137 4164 4165 4210 4236 4524 4533 4704 4980
19 20 21 22 23 327 358 359 360 361 362
27 271 275 701 1349 1747 1756 1826 2637 3525 4087 4210 4232 4236 4383
30 1797 2035 2923 4159
31 32 33 197 294 295 296 297 300 301 304 306 307 308 309 310 311 312 313 383 392 480 504 628 630 631 759 814 856 857 886 889 950 1246 1282 1395 1473 1474 1475 1710 2252 3650 4124 4219
38 39 40 43 44 1499 3365
41 91 186 256 265 283 326 329 330 332 338 339 396 401 422 429 439 559 570 635 643 644 697 706 779 890 1026 1097 1165 1258 1297 1354 1420 1459 1462 1550 1561 1620 1648 1658 1665 1699 1877 1947 2053 2093 2148 2235 2325 2533 2547 2619 2932 3094 3138 3249 3266 3287 3307 3329 3438 3810 3861 3952 3978 4039 4056 4065 4082 4111 4148 4161 4217 4220 4336 4341 4342 4347 4348 4359 4370 4430 4460 4473 4474 4483 4486 4739 4986
46 47 2733 3401 3807 4109 4110 4276 4604
50 133 265 332 396 570 635 644 743 750 784 786 813 826 828 833 1023 1026 1420 1756 1819 1868 1877 2148 3138 3249 3329 3692 4161 4217 4238 4342 4516
51 52 53 54 60 74 91 115 116 261 315 326 339 401 491 606 667 689 754 838 933 949 977 1020 1023 1218 1373 1398 1420 1482 1506 1558 1572 1573 1629 1646 1993 2095 2131 2148 2187 2249 2512 2530 2657 2820 3249 3275 3287 3329 3591 3772 3918 3950 4034 4083 4084 4091 4174 4228 4280 4347 4363 4366 4377 4449 4457 4682
61 62 63 64 1339 1682 1767 1934 3139 4305
65 66 67 68 119 1582
75 77 144 228 355 356 831 880 881 882 883 884 1067 1111 1536 1598 1765 1893 1979 2323 3473 3486 3681 4513
481 1377 1378 1379 1519 2094 4129 4130 4708
80 152 535 684 1221 1222 1434 1604 1605 1606 1607 2726 4069 4514 4539 4600 4610 4673
81 541 1622 1824 1832 1835 1836 3071
85 87 91 172 697 1420 2522 2881 3499 3720 4111 4122
86 605 975 1065 1122 1946 2328 2394 2687 2720 2729 2796 2808 2878 3054 3330 3858 4079 4162 4168 4169 4190 4192 4248 4250 4251 4307 4362 4389 4403 4469 4522
94 515 680 877 878 1185 1453 1497 1586
95 96 97 101 104 656 1022 1263 1452 1489 1526 1564 1566 1843 2329 4071 4074
98 99 342 343 345 346 350 351 353 371 375 376 1337 1338 1521 4496
100 555 1381 1382 1454 1645
107 108 678 1803 2071 2072 2073 2080 2084 2092 2098 2099
110 241 786 788 4053
113 117 118 176 205 218 357 617 817 1869 1956 2088 2757 3831 4413 4560 4630
114 2720 2882 3745 4168 4170 4260 4338 4456
128 4214 4353 4976
134 3316 3545 3942 3994 4032 4575 4576 4577 4580 4583
138 996 1450 2048 3612
139 179 374 430 1502 1503 1504 1579 1608 2521 4316 4632
141 149 166 167 213 218 236 490 492 614 615 616 830 844 845 1485 1563 1598 1706 1723 1743 3538 3588 3677
153 165 490 585 638 640 1878
159 164 659 1272 1273 1432 1494 2683 2883 3652 3809 4097 4098 4519 4520
161 1029 1142 1413 2394 3690 4169 4170 4189 4190 4198 4229 4252 4507 4540
170 509 557 1283 1471 1492 1776 2592 3278 3640 3668 4035
180 584 673 674 1095 1554 3320 3769 4099 4309 4310 4412 4428 4552 4597 4616
183 184 428 1466 2264 2894 4402
187 3949 3962 4066
191 1301 2219 2331 3245 3624 3702 4186 4191 4564 4566 4567 4571
198 279 288 1364 3772 4084
210 441 935 1266 1430 1842 2049 2050 2774 2917 3023 4556 4679
217 273 1360 1476
293 407 1152 1188 1199 1393 1394 1658 1662 1804
237 600 1203 1419 1421 1694 2511 4350
244 1285 1985 2436 2672 4107 4294
245 1088 1906 2619 3062 3241 3589 3687 3717 4072 4192 4194 4254 4263 4266
252 253 254 255 753
257 262 319 320 493 494 1407 2742 4319
267 268 283 286 291 539 668 920 928 932 1200 1216 1219 1867 1873 1876 2021 2347 3098 3389
269 270 274 2040
303 317 522 743 770 771 773 776 778 786 787 788 1288 1431 1472 1478 1868 1926 1927 1941 1990 1994 1997 2960 2961 3357 3529 3583 4158 4301 4388 4624 4983
280 287 292 1358 1359 1750 4149
279 281 414 423 713 746 755 1364 1365 1367 1414 1415 1711 1802 1815 1859 2914 4049
321 322 323 324 2158
333 334 336 337 344 347 348 611 4619 4620
363 364 365 3527 4101
400 1196 1626 2697 2698 3049
399 722 724 1231 1926 1928 1930 1941 1942 1943 3165 4990
404 406 1908 2243 3126
412 2110 2111 2115 2116
431 714 2322 2940 4197
434 435 475 1449 1451 3042
457 530 1490 1491
459 538 1512 1514 3513 3676 3770
473 550 551 1153
488 489 498 775 846 1123 1124 1891 4061
495 496 1428 1429 1542 1543 1544
514 653 1556 4093
527 1300 1448 1467 1482 1697 4549
531 532 2085 4599 4705
556 1551 2077 2958
574 963 1271 3953 4548 4627
587 811 904 984 1049 1533 1596 1597 1674 1888 1889 1894 1919 1975 1995 2236 2244 2341 2342 2375 2495 2569 2671 2717 2723 2734 2805 2852 2864 2991 3074 3186 3208 3284 3471 3560 3653 3693 3716 3890 3921 3941 3957 3973 4062 4312 4527 4531 4628 4698 4706 4762 4764 4766 4767 4769 4771 4783 4784 4785 4787 4788 4792 4793 4794 4796 4798 4799 4804 4826 4827 4831
619 1024 1212 1629 4433 4511
655 1416 1631 1635 2990
692 693 694 704
712 1590 1591 1592 1593 1594 1595 1821
735 736 4296 4360
756 904 925 1084 1596 1597 1674 1889 1894 1975 2236 2375 2384 2392 2852 3070 3186 3219 3234 3284 3294 3394 3464 3471 3512 3560 3636 3731 3872 3890 3915 3941 3989 4312 4527 4545 4628 4765 4769 4770 4771 4773 4792 4793 4797 4798 4804 4826 4834 4835 4844 4850 4871 4890
758 1610 1611 1612 1911 2478 4710 4711
808 1213 1242 1350 1371 1718 1860 3033 3577 4237 4517
812 1084 1396 1397 1535 1975 2128 2392 2965 3117 3941 4765 4769 4770 4804 4902
839 840 841 894 1163
843 3041 3899 4171 4243
433 859 2314 2316 2346 2350 2352 2368 2624 2633 2635
906 907 908 909 2851 3426 4067 4284 4285
921 924 933 1078 1212 1331 1385 1386
922 1855 2027 3970
926 927 933 1020 1214 1215 1241 1269 1309 1383 1384 1629 1812 2249
936 951 952 1130 2036 2938 4672
937 938 941 2524 2895
942 943 1156 2769
1015 1289 1355 1356 1442 1787 1845
1321 1369 1370 3112 3469 4068
1052 1161 1162 1522 1523 4523
1180 2003 2004 2005
1182 1183 1184 2343 3298
1251 1331 1814 2307 2565
1344 2055 2773 4202 4203 4535 4641
1405 1422 1423 1424 1425 1426 1427
666 902 1441 1500 1501 1655 1656 1868 2855 4092 4293
1664 1666 1667 1849 4090 4376
1668 1669 2943 3122 4188
1858 2567 2860 3665 4142 4143
1922 2063 3009 3044 3213 4162 4177 4251 4298
1987 2789 3489 4805
3570 3902 4993 4994
3870 4064 4687 4692
