1 43 85 86 116 193 261 288 326 405 605 607 661 754 798 1023 1033 1065 1122 1157 1482 1501 1506 1572 1946 2029 2328 2673 2686 2687 2729 2796 2861 2878 3054 3330 3433 3591 3626 3720 3772 3858 3918 4034 4084 4162 4169 4248 4250 4307 4362 4366 4389 4403 4468 4469 4483 4522 4557
3 4 204 832 1056 1738 3871 4322 4866
7 75 77 141 144 149 150 151 166 167 179 197 205 207 213 216 218 228 236 392 480 492 614 615 616 617 618 630 759 830 844 845 884 889 1282 1474 1485 1536 1563 1598 1706 1723 1743 1765 1878 1944 1984 2088 2252 2731 2757 3538 3588 3677 3681 4124 4219 4534 4630 4631
8 357 937 1511 2065 2309 3527 3707 3804 4505 4639
10 11 12 69 71 271 276 303 317 351 419 431 486 720 802 871 875 911 959 1345 1349 1387 1389 1400 1431 1472 1478 1529 1756 1786 1826 2011 2103 2105 2317 2330 2376 2636 2641 2646 2857 2894 2919 2960 3002 3439 3503 3506 3529 3699 3956 4116 4137 4210 4256 4524 4533 4602 4704 4743 4963 4976 4980 4982 4983
13 722 723 724 1231 1288 1421 1926 1927 1928 1930 1938 1941 1942 1943 3087 4990
14 24 25 27 129 133 311 529 634 701 784 1145 1344 1392 1404 1417 1532 1651 1673 1680 1703 1747 1819 2044 2049 2112 2190 2245 2400 2480 2512 2618 2627 2637 2685 2700 3024 3035 3211 3217 3231 3546 3679 3885 4164 4165 4185 4203 4236 4273
15 16 17 18 905 2192 4467
19 20 21 22 23 57 327 358 359 360 361 362 412 468 469 1329 2074 2102 2106 2108 2109 2110 2111 2113 2114 2115 2116 2117 2118 2145 4681
28 29 30 433 765 800 859 1090 1382 1797 1912 1960 2035 2087 2299 2314 2316 2346 2350 2352 2624 2633 2635 2643 2644 2923 3703 4074 4159
31 32 33 293 294 295 297 300 301 304 305 306 307 308 309 310 312 313 407 504 628 631 856 857 886 1246 1343 1395 1473 1475 1710 3650
46 47 924 2305 2733 3401 3807 4109 4110 4276 4604
48 163 299 502 560 691 799 1262 1539 1713 1839 1840 1841 1846 2005 2022 2487
55 56 471 1286 1408 2643 4036 4040
59 368 475 565 718 971 973 974 975 976 1451 1468 1517 4079 4194 4225 4260
65 66 67 68 119 1069 1582 1599 2051 2063 2097 2161 2177 2206 2215 3422 3568
73 279 367 1304 1363 1364
80 683 684 954 1221 1222 1434 1515 1604 1605 1606 1607 2726 4514 4539 4600 4610 4673
88 89 472 499 651 801 835 1781 1860 2079 4237
90 252 253 254 1268 2746
92 183 252 255 459 481 538 541 543 777 843 1007 1008 1084 1122 1266 1409 1428 1467 1512 1513 1514 1861 1862 1863 1864 1865 1939 2390 2393 3041 3162 3214 3300 3495 3513 3581 3676 4087 4129 4171 4176 4226
93 94 95 96 97 104 654 656 660 664 716 717 729 1263 1380 1452 1489 1490 1496 1524 1525 1526 1564 1565 1566 1578 1601 1602 1803 1843 2220 2329 2718 2823 4071
98 99 342 343 345 346 350 353 375 376 1308 1337 1338 1397 1521 1640
100 103 159 164 659 1272 1273 1494 1692 2883 3652 3809 4098 4519 4520
106 582 887 893 904 1054 1084 1094 1253 1269 1533 1593 1596 1628 1675 1730 1894 1975 2034 2147 2405 2426 2434 2502 2542 2852 2864 3294 3377 3394 3464 3806 3921 4108 4773 4788 4798 4834 4895 4896
107 108 249 445 678 681 775 1357 1377 1378 1379 1398 1534 1568 2071 2073 2077 2078 2084 2092 2098 2099 2284 2386 2396 2549 2837 2954 4750
112 113 117 118 176 617 817 1358 1869 1956 2088 3109 3831 4413 4560
120 2465 3989 4842 4844
125 1194 2836 3297
127 760 944 945
131 590 3175 3312 3984
162 1198 1244 2577
58 267 269 284 291 1399 1883 2480 3171 4148 4160 4295 4299
139 168 169 170 171 173 174 177 178 374 430 506 1471 1502 1503 1504 1579 1608 1771 2412 2521 2592 2598 3415 3668 4035 4316 4632 4927 4944 4946
182 286 928 932 1219 1873 2631 4208
187 3949 3962 4066
189 194 514 640 653 885 1556 1750 4093
191 1301 1983 2219 2331 3245 3356 3452 3624 3702 3928 4186 4191 4564 4565 4566 4567 4568 4570 4571
196 558 910 1213 1242 1321 1353 1367 1368 1369 1370 1483 1484 1530 1854 2483 2484 2761 3218 3458 4033 4068 4318 4416 4489 4532 4558 4626 4657 4658 4659 4660
217 355 616 617 831 990 992 993 1134 1536 1743 1869 1893 1903 1904 2088 2457 2557 2558 3831
221 1018 1964 2287 2600 3818 3868
257 319 320 447 544 1318 1540 3066 3069 4121
263 264 851 1587 2438 2439 2440 3345 3623 3764 3765 3969
277 779 957 1247 1641 2262 2642 2678 3362 3363 3364 4922
315 316 3848 4134
321 322 323 324 2158 3165 3604
766 1118 2104 2525 3052 3053
363 364 365 2578 3200 4101 4768 4934
369 921 926 928 930 933 1019 1020 1212 1215 1241 1269 1307 1309 1629 1810 1812 1987 2146 2147 2249 2437 2528 2900 3141 3189 3275 3487 3488 3489 3547 3613 3651 4280 4314 4682 4805
377 378 379 380 622 2217 2218 2233 2661 3212 3602 3910 4078 4274 4962
488 1041 3569 3599
395 402 403 1791 1792 2612
404 406 1745 2243 3126 3347 4085 4086 4876
410 411 669 4013
414 422 423 487 613 713 837 903 980 998 1014 1414 1415 1567 1709 1815 1859 1914 2134 2463 3324 3325 3607 3724 4049
495 496 1429 1542 1543 1544 1545 1998
437 438 752 2849
485 958 1254 1255 1295 2086 2977
501 579 598 1780 3185 3507
519 1777 2083 3660 3661
531 532 2085 4599 4705
548 549 1240 4196
553 906 907 908 909 2710 2851 3426 4038 4067 4284 4285
1250 1674 3070 4834 4838 4839 4840
587 756 811 984 1049 1050 1590 1888 1889 1919 2236 2244 2341 2342 2375 2384 2389 2495 2569 2671 2679 2717 2723 2734 2805 2991 3074 3186 3208 3284 3471 3560 3653 3693 3716 3957 3973 4062 4628 4706 4762 4764 4767 4769 4784 4785 4787 4792 4794 4796 4799 4801 4826 4827 4828 4831 4835 4848 4871
591 592 593 781 1051 2605 2846
632 633 650 1021 1159 1223 2172
584 665 785 1112 2396 3150
666 902 1441 1655 1656 2855 4092
677 2275 2630 3177
697 698 699 700 1610 1611 1612 2552
935 1193 1610 2744 2745 2924 3448
728 2304 2553 4968
735 736 4296 4311 4360
693 737 738 739 740 1326 1567
745 939 940 3889 4075 4076
764 1918 2473 3055 3125
1344 2026 2033 2055 2181 2773 3183 3184 4202 4203 4535 4635 4636 4641
839 840 841 842 894 1163 1259 1669 2586
138 996 1154 1450 1541 1828 1985 2048 2564 3320 3612 4621
942 943 1156 2769
953 1101 1102 2892
981 982 983 985 986
995 996 2326 2327
1011 1012 1048 2189 2257
1032 2468 4371 4431 4432
1052 1053 1161 1162 1522 1523 4523
1681 3220 3221 3223 3224
1206 1207 3332 3333
1587 1744 3870 4064 4687 4692
1251 1284 2295 4105 4106
260 1399 1401 1456 1457 1637 1978
1405 1422 1423 1424 1425 1426 1427
1409 1493 4675 4676
2379 2380 4027 4029 4030
712 1591 1592 1593 1594 1595 1596 1597 2572 2573
1885 2974 3322 3323
1961 2472 3097 3951
1963 2674 4154 4633 4701
2068 2669 4180 4694
134 2178 2270 2950 3316 3545 3942 3994 4032 4573 4574 4575 4577 4578 4579 4580 4581 4582 4583 4585 4586
2223 2224 4761 4770 4898
2308 3695 3916 4878
529 2413 2414 2597 4214 4232
704 2004 2869 3045 3835 3836
3209 3210 3349 4561
3390 3407 3421 3434
