1 2 38 40 41 43 44 50 51 53 60 61 62 63 74 76 85 86 91 116 138 143 152 159 164 183 186 193 198 240 249 256 261 262 265 267 268 270 273 281 283 284 288 290 311 315 326 330 332 333 334 339 344 348 383 390 396 401 405 413 422 426 428 434 436 439 440 464 467 475 491 494 517 535 541 556 558 559 574 575 597 599 605 606 607 608 611 634 643 644 646 652 659 661 667 676 678 681 689 692 697 706 721 730 741 750 754 784 798 808 826 833 838 847 849 890 970 989 996 1006 1023 1024 1026 1027 1033 1065 1085 1089 1093 1097 1122 1157 1158 1200 1243 1258 1264 1270 1293 1297 1350 1354 1356 1366 1373 1392 1413 1420 1450 1457 1459 1460 1466 1476 1482 1499 1501 1503 1506 1508 1514 1516 1550 1555 1556 1558 1560 1561 1572 1573 1620 1646 1648 1658 1673 1682 1697 1718 1738 1743 1776 1823 1877 1883 1920 1922 1939 1946 1947 1959 1988 1993 2029 2040 2048 2053 2057 2060 2071 2072 2077 2091 2093 2095 2098 2131 2148 2152 2221 2227 2242 2245 2254 2274 2298 2323 2325 2328 2363 2394 2404 2512 2514 2530 2533 2536 2547 2603 2651 2656 2673 2686 2687 2709 2729 2773 2796 2808 2820 2861 2862 2870 2878 2881 2882 2883 2920 2932 3009 3035 3044 3054 3110 3138 3141 3145 3213 3217 3234 3241 3246 3249 3266 3271 3287 3329 3330 3365 3433 3438 3456 3473 3499 3542 3543 3571 3590 3591 3612 3626 3652 3666 3691 3692 3720 3747 3772 3810 3841 3858 3861 3875 3918 3923 3950 3952 3978 3983 4034 4054 4056 4065 4079 4082 4083 4084 4088 4091 4094 4095 4102 4111 4122 4126 4143 4144 4148 4161 4162 4168 4169 4170 4176 4177 4189 4190 4192 4194 4214 4217 4220 4225 4228 4229 4230 4238 4247 4248 4250 4251 4266 4269 4298 4305 4307 4314 4321 4327 4331 4336 4341 4342 4343 4344 4347 4348 4359 4362 4363 4365 4366 4377 4383 4388 4389 4403 4421 4430 4440 4449 4451 4453 4457 4460 4468 4469 4470 4483 4485 4486 4491 4494 4501 4507 4522 4557 4558 4641 4684 4697 4739 4966
3 4 106 110 204 235 656 657 832 1056 1738 3871 4322 4866
2 7 75 76 77 116 118 128 139 141 143 144 145 149 150 151 152 153 161 164 165 166 167 176 179 183 184 197 203 205 206 207 209 213 216 218 228 230 232 235 236 240 245 261 265 354 355 356 383 384 385 386 392 429 448 480 490 491 492 528 541 543 557 585 586 614 615 616 617 618 625 627 630 644 653 687 754 759 782 788 814 817 826 829 830 844 845 854 880 881 882 883 884 887 889 950 1026 1067 1088 1111 1152 1188 1199 1264 1276 1279 1281 1282 1362 1366 1393 1394 1409 1422 1474 1485 1536 1563 1598 1645 1658 1679 1684 1693 1694 1697 1699 1706 1711 1714 1723 1725 1730 1735 1743 1744 1765 1804 1855 1869 1878 1893 1906 1944 1956 1979 1984 2088 2252 2264 2323 2533 2603 2626 2656 2715 2731 2757 3062 3287 3307 3329 3407 3456 3461 3473 3486 3538 3571 3582 3588 3589 3605 3613 3676 3677 3681 3687 3691 3717 3747 3825 3831 3841 3852 4033 4072 4122 4123 4124 4161 4188 4192 4219 4238 4254 4263 4273 4322 4336 4363 4403 4413 4440 4473 4486 4512 4513 4534 4560 4587 4629 4630 4631 4928 4967
8 9 118 139 176 183 184 357 428 617 817 937 938 941 1432 1433 1448 1450 1511 1869 1956 2065 2088 2264 2309 2524 2895 3527 3707 3804 3831 4188 4242 4402 4413 4505 4560 4639
10 11 12 27 69 71 128 129 133 161 209 271 275 276 303 311 317 351 419 431 478 486 493 529 595 634 701 720 770 778 784 802 871 875 911 959 1028 1145 1344 1345 1347 1349 1354 1387 1389 1390 1392 1400 1404 1417 1430 1431 1468 1472 1478 1495 1529 1532 1651 1653 1673 1680 1697 1738 1747 1756 1772 1774 1786 1819 1826 1970 1990 1994 1997 2011 2044 2049 2055 2062 2103 2105 2112 2151 2190 2245 2316 2317 2322 2330 2368 2376 2400 2480 2550 2618 2624 2627 2636 2637 2641 2646 2647 2685 2700 2773 2857 2894 2917 2919 2925 2940 2960 3002 3024 3035 3132 3174 3182 3211 3217 3231 3357 3439 3483 3503 3504 3506 3525 3529 3546 3583 3679 3694 3699 3885 3956 3992 4007 4036 4087 4116 4137 4158 4163 4164 4165 4185 4197 4199 4203 4206 4210 4211 4214 4232 4234 4236 4243 4256 4268 4273 4275 4325 4367 4383 4391 4507 4524 4533 4535 4602 4641 4704 4743 4963 4967 4976 4980 4982 4983
13 285 399 722 723 724 773 776 882 1231 1288 1421 1789 1926 1927 1928 1930 1935 1938 1941 1942 1943 2575 2961 3087 4990
14 24 25 27 129 133 311 529 634 701 784 1145 1344 1392 1404 1417 1532 1651 1673 1680 1703 1747 1819 2044 2049 2112 2190 2245 2400 2480 2512 2618 2627 2637 2685 2700 3024 3035 3211 3217 3231 3546 3679 3885 4164 4165 4185 4203 4236 4273
15 16 17 18 54 76 261 339 422 467 475 734 740 762 780 823 855 892 905 1176 1459 1558 1666 1857 1877 2148 2164 2192 2235 2328 2514 2530 2796 3133 3950 4117 4148 4250 4347 4370 4467 4473 4739
19 20 21 22 23 57 143 186 327 338 358 359 360 361 362 412 468 469 779 910 1026 1097 1329 1516 1620 2074 2102 2106 2108 2109 2110 2111 2112 2113 2114 2115 2116 2117 2118 2145 2550 2932 3438 3952 4039 4111 4217 4347 4370 4460 4681 4688 4689
28 29 30 38 41 50 52 102 116 372 433 603 669 693 707 722 724 730 765 769 800 858 859 867 891 946 951 978 1090 1091 1098 1250 1300 1366 1382 1391 1422 1433 1460 1461 1462 1503 1548 1549 1576 1581 1589 1664 1768 1797 1798 1895 1908 1912 1920 1960 1974 2004 2021 2035 2087 2148 2299 2314 2316 2328 2346 2350 2352 2368 2387 2474 2624 2633 2635 2643 2644 2729 2782 2883 2920 2923 2938 3071 3231 3246 3538 3703 3923 3924 3953 3992 4049 4074 4094 4111 4159 4203 4217 4270 4310 4348 4440 4456
31 32 33 110 234 244 293 294 295 296 297 300 301 304 305 306 307 308 309 310 311 312 313 371 383 407 504 628 631 814 856 857 886 950 1152 1188 1199 1246 1343 1393 1394 1395 1473 1475 1486 1487 1658 1710 1804 2048 3191 3650 3825 4059 4122 4640 4658
46 47 924 1331 1385 1386 1805 2305 2733 3401 3807 4109 4110 4276 4604 4700
48 154 163 299 502 529 558 559 560 640 668 691 709 798 799 843 920 928 932 1060 1107 1173 1180 1200 1216 1219 1262 1303 1403 1498 1513 1528 1539 1713 1839 1840 1841 1846 1847 1848 1876 1929 2003 2004 2005 2021 2022 2048 2119 2399 2487 2574 2935 2941 3483 4135 4967
55 56 128 209 217 264 275 284 466 471 529 701 1003 1286 1366 1390 1408 1417 1528 1789 1825 1937 2010 2039 2198 2463 2550 2627 2643 2952 2957 2986 3024 3132 3171 3483 3885 3899 4036 4040 4070 4087 4153 4166 4171 4214 4216 4234 4236 4243 4253 4268 4353 4355 4358 4381 4407
59 60 86 91 114 245 246 260 368 370 475 565 583 652 709 718 833 876 887 917 971 973 974 975 976 1072 1088 1203 1390 1419 1449 1450 1451 1468 1517 1674 1707 1709 1987 2128 2221 2298 2361 2480 2550 2603 2720 2944 3062 3589 3679 3692 3717 3802 4055 4072 4079 4168 4170 4192 4194 4225 4228 4230 4241 4251 4254 4255 4260 4263 4304 4338 4798
65 66 67 68 119 465 470 540 678 950 996 1009 1069 1176 1450 1453 1479 1581 1582 1583 1599 1922 2047 2048 2051 2063 2097 2161 2167 2177 2206 2213 2215 2742 3422 3568 3612
73 279 280 367 423 1304 1363 1364 1721
80 152 535 683 684 954 1221 1222 1434 1515 1604 1605 1606 1607 2726 4069 4514 4539 4600 4610 4673
87 88 89 136 249 425 432 433 471 472 490 499 500 600 602 651 678 704 801 803 804 805 808 835 1028 1158 1182 1213 1242 1357 1371 1465 1555 1680 1718 1781 1818 1860 2071 2073 2075 2077 2079 2080 2084 2091 2098 2245 2472 2633 2645 2777 2784 2794 2828 3033 3253 3577 3726 4165 4220 4237 4517 4601 4928
90 252 253 254 255 1268 2746 2747
92 183 252 255 459 481 538 541 543 600 712 776 777 843 1007 1008 1084 1122 1266 1403 1409 1428 1450 1467 1512 1513 1514 1861 1862 1863 1864 1865 1939 2322 2390 2393 2394 2729 3041 3162 3174 3214 3231 3300 3495 3513 3581 3676 4007 4087 4129 4171 4176 4226 4491
93 94 95 96 97 101 102 104 136 394 400 457 490 515 530 555 568 619 654 656 660 664 669 678 679 680 707 716 717 729 877 950 1022 1185 1263 1380 1381 1382 1390 1391 1403 1413 1452 1453 1454 1489 1490 1491 1495 1496 1497 1524 1525 1526 1564 1565 1566 1578 1585 1586 1588 1601 1602 1803 1843 1922 1960 2047 2071 2084 2092 2099 2220 2314 2329 2346 2350 2352 2512 2633 2635 2697 2718 2823 4048 4071 4074 4684
98 99 333 334 336 337 338 340 341 342 343 344 345 346 348 350 352 353 371 372 375 376 611 1308 1337 1338 1374 1397 1521 1535 1640 2153 2187 3727 4265 4496 4619 4620
100 101 103 159 164 659 696 1272 1273 1446 1454 1494 1538 1692 2683 2883 3626 3652 3809 4074 4097 4098 4250 4519 4520 4549
106 582 887 893 904 1054 1084 1094 1253 1269 1533 1593 1596 1628 1675 1730 1894 1975 2034 2147 2405 2426 2434 2502 2542 2852 2864 3294 3377 3394 3464 3806 3921 4108 4773 4788 4798 4834 4895 4896
107 108 249 445 657 678 681 775 1357 1377 1378 1379 1398 1460 1534 1555 1568 2071 2073 2077 2078 2080 2084 2092 2098 2099 2284 2386 2396 2549 2837 2954 3692 4750
112 113 117 118 176 617 817 1015 1358 1360 1869 1956 2088 2632 3109 3164 3831 4149 4413 4560
120 2465 3890 3989 4842 4844
125 1194 2836 3297
127 760 944 945
116 131 590 758 949 2089 2852 2938 3175 3312 3984 4814
155 1749 2120 3321
162 1196 1198 1244 2577
58 267 269 284 291 1399 1883 2480 3171 4148 4160 4295 4299
139 168 169 170 171 173 174 176 177 178 374 430 505 506 509 539 557 640 744 880 883 1153 1283 1471 1492 1502 1503 1504 1579 1608 1771 1776 1979 2168 2412 2521 2592 2596 2598 2688 2935 3147 3213 3278 3415 3572 3640 3668 3669 4035 4316 4321 4372 4632 4926 4927 4944 4946 4959 4964
182 268 286 494 668 859 870 928 932 972 1158 1205 1216 1219 1303 1330 1725 1873 1876 2021 2631 3389 4208 4735
187 3949 3962 4066
189 194 413 433 493 514 638 640 653 679 707 708 859 860 864 885 891 894 895 897 989 1024 1025 1180 1300 1303 1555 1556 1750 1774 1818 1858 1970 2031 2043 2152 2229 2314 2316 2346 2347 2350 2352 2368 2462 2624 2628 2633 2635 2645 2720 2859 3180 3231 3268 3365 4093 4190 4193 4365 4745
191 1301 1983 2219 2331 3245 3356 3452 3624 3702 3928 4186 4191 4564 4565 4566 4567 4568 4570 4571 4572
196 261 332 366 426 522 558 741 787 798 815 910 1097 1213 1242 1321 1353 1366 1367 1368 1369 1370 1459 1483 1484 1495 1530 1626 1854 1975 2480 2483 2484 2618 2720 2761 2820 3112 3218 3458 3866 3923 4033 4048 4068 4110 4220 4318 4341 4416 4460 4463 4474 4489 4531 4532 4558 4626 4657 4658 4659 4660
217 235 355 616 617 831 990 992 993 1134 1536 1743 1869 1893 1903 1904 2088 2457 2557 2558 3831
221 546 555 1018 1079 1964 2032 2286 2287 2454 2600 2601 2602 2772 3818 3868
257 262 319 320 447 493 494 544 917 1300 1317 1318 1540 1902 3066 3069 4121 4319
263 264 330 523 851 918 1210 1290 1296 1332 1333 1334 1335 1336 1549 1587 2040 2438 2439 2440 2456 2876 3345 3623 3691 3764 3765 3969 4094 4411 4906
277 329 563 779 780 957 1019 1247 1527 1641 1642 1845 2262 2642 2678 3035 3081 3112 3362 3363 3364 3365 4010 4163 4250 4476 4483 4500 4922
315 316 3848 4134
321 322 323 324 722 724 1926 1928 1930 1941 1942 1943 2158 3165 3604 4990
766 1118 1581 2104 2300 2314 2525 2565 3052 3053 3756
363 364 365 2578 3200 4060 4101 4768 4934
369 921 925 926 927 928 930 933 1019 1020 1212 1214 1215 1218 1241 1269 1307 1309 1573 1629 1749 1810 1812 1987 2146 2147 2249 2407 2437 2528 2900 2990 3141 3189 3275 3487 3488 3489 3547 3613 3651 4280 4314 4682 4805
377 378 379 380 488 490 524 616 622 751 1312 1697 2217 2218 2229 2233 2314 2316 2352 2406 2661 2675 3174 3212 3231 3602 3810 3910 4078 4107 4273 4274 4521 4535 4962
488 1041 3569 3599
230 395 402 403 1791 1792 2041 2612
404 405 406 1745 2243 3126 3346 3347 3378 3501 3632 3893 4085 4086 4816 4853 4876 4877
102 410 411 669 910 4013
414 422 423 487 613 713 837 903 980 998 1014 1414 1415 1567 1709 1815 1859 1914 2134 2463 3324 3325 3443 3607 3724 4049
495 496 1429 1542 1543 1544 1545 1998
437 438 752 2849
485 846 958 1254 1255 1295 2086 2320 2367 2395 2977 4279
501 579 598 1780 3185 3507 4084
519 1777 2075 2083 3660 3661 3864 4737
531 532 2085 4599 4705
548 549 1240 4196
553 906 907 908 909 2710 2851 3426 4038 4067 4284 4285
1250 1533 1674 3070 4531 4698 4834 4838 4839 4840
587 756 811 812 904 925 980 984 1049 1050 1054 1084 1225 1250 1533 1568 1590 1593 1596 1597 1674 1888 1889 1894 1919 1975 1995 2128 2236 2244 2341 2342 2371 2375 2384 2389 2392 2426 2469 2482 2495 2502 2569 2671 2679 2717 2723 2734 2805 2852 2864 2931 2965 2991 3070 3074 3117 3186 3208 3219 3234 3284 3294 3346 3394 3464 3471 3512 3560 3636 3653 3693 3716 3731 3806 3872 3890 3915 3921 3941 3957 3973 3989 4062 4179 4223 4312 4527 4531 4545 4628 4698 4706 4761 4762 4764 4765 4766 4767 4769 4770 4771 4773 4783 4784 4785 4786 4787 4788 4792 4793 4794 4796 4797 4798 4799 4801 4804 4811 4826 4827 4828 4831 4834 4835 4844 4848 4859 4871 4890 4902
591 592 593 781 1051 2605 2846
632 633 650 1021 1159 1223 2172 2697 2940 4039 4360
584 665 785 1112 1240 2396 3150 4945
64 666 667 902 1441 1500 1655 1656 2121 2531 2816 2855 4092 4492
677 2275 2630 3177
697 698 699 700 946 952 1610 1611 1612 2007 2552 2952 3880
935 1193 1610 2744 2745 2924 3448
728 2304 2553 4968
735 736 4296 4311 4360
693 737 738 739 740 1326 1567
745 939 940 1317 3654 3889 4075 4076
764 1916 1918 2473 3055 3125
133 172 1344 1404 1819 2026 2033 2055 2101 2181 2264 2480 2700 2773 3183 3184 3357 3377 3458 3679 4007 4094 4168 4188 4202 4203 4289 4372 4535 4540 4635 4636 4641
839 840 841 842 894 1163 1259 1669 2586 2943
138 244 673 996 1154 1429 1450 1499 1541 1543 1828 1985 2048 2436 2564 2672 3320 3612 4107 4309 4621
942 943 1156 2769
953 1101 1102 2892
981 982 983 985 986 1170
995 996 2326 2327
1011 1012 1048 2189 2257 2340
1032 1270 2468 2820 4371 4431 4432
1052 1053 1161 1162 1522 1523 4523
1074 1134 1292 1681 2354 2969 3028 3220 3221 3222 3223 3224 3225 3226 3227 3228
1206 1207 3332 3333
1587 1744 3870 4064 4687 4692
1251 1284 2295 3900 4105 4106
260 1399 1401 1456 1457 1637 1978 4298
1405 1422 1423 1424 1425 1426 1427
1409 1493 4675 4676
653 947 1881 2379 2380 2582 2749 3280 3745 4026 4027 4028 4029 4030
712 1084 1591 1592 1593 1594 1595 1596 1597 2572 2573 4811
1885 2974 3322 3323
1805 1961 2472 3096 3097 3951
1963 2674 2852 4154 4633 4701
2068 2669 4180 4694
134 680 1946 2178 2213 2270 2950 3316 3545 3942 3994 4032 4192 4573 4574 4575 4576 4577 4578 4579 4580 4581 4582 4583 4585 4586 4587
904 2223 2224 2502 3512 3731 4761 4770 4898
2308 3695 3916 4878
529 2413 2414 2597 4214 4232
704 2004 2869 3045 3835 3836
2886 3020 3229 3230 3833 4108
1062 3016 3022 3464 4834 4850 4859 4860
3209 3210 3349 4561
1085 3288 3289 3290
3390 3407 3421 3434
