21 359 22 20 361 327 19 362 360 358 23 4681
1538 1537
1590 1592 1595 1593 2490 1591 1594 4908
1272 2883 1273 4098 164 3652 659 3809 1494 4519 2683 159 4520
1605 4539 4712 4600 152 2726 1221 4231 684 80 4069 4610 1222 1607 1604 1606 683 4514 2725 1434
2036 936 2938 951 4672 4673 952 1130
1771 3415 171
1521 1052 1162 1523 1161 4523 1522 1325
776 2961 303 784 786 773 1997 1990 771 1288 4388 4624 1994 770 778 4158 2480 4301 788 1927 787 1998 3583 522 241 1936
4558 3570 4994 3902 4993 2061
2895 941 937 938 2524
4106 3900 2295 4497 1700 4105 1284
686 249 688
3426 4067 906 2710 553 4284 909 907 4285 908 2851 4654
1662 1670 1671
1797 2035 3703 2923 4159
943 2769 1156 942
287 1402
4411 2754
2306 2305 1805
2875 4276 3807 4603 2733 4109 46 4604 4700 47
1413 4540 1510 4507
1762 1414 4627 3953 4049 2914 1415 2845 713 423 1589 4548 574 1711 1859 963 1815 1271
4934 364 365 3527 363 4101
1819 2772 4641 1344 4175 2771 2773 4202 2055 4203 2301 4535 2101 2770
1661 1659 1660
321 322 324 323 4884 3604
1293 1294 730 4426
1321 1369 4537 3469 1370 2694 1320 4068 1530
2145 4688 4689
4149 283 292 1356 1354 1358 1015 1787 4172 1289 1359 2632 3164 1355 3109 2028
457 1490 1491
1672 1666 1665 1667 4374 4090 1849 1664 4375 1663 4376 4744
1441 1655 1436 4092 666 2855 2816 4492 1656 2121 1481 902 1640 1437 3185 4665
2243 404 3893 3126 406
210 2774 2049 1842 3023 2917 1266 4679 2050 1430 4556
187 4066 4680 3949
2361 4192 4230 3160 245 4190 1823 4194 3717 3690 4189 2619 4264 2720 4170 4227 4254 4255 4338 2882 1088 3589 2221 3062 4055 4260 4498 4251 4333 4266 114 4263 4252 1906 3687 3605 2933 4466
1282 950 814 392 1474 1475 4219 856 630 1473 3755 306 2252 628 857 383 480 889 631 197 759 4563
501 579 598
1626 3049 2698 1196 1169 1047 1627 2697 400
1985 244 2436 2672 1285 4294 4107
1067 2323 3473 882 1979 880 1334 4512 2288 1893 3486 355 881 3681 884 461 356 967 883 2289 4753
625 623 624
1855 922 3970 2027 2025
2032 1197 4880 4080
4371 4431 4432 2468 1032
295 32 886 301 4059 297 300 309 294 504 3650 31 1343 296 312 33 307 310 1342 308 4640 1246 1312 3533
118 218 3588 4413 617 236 1598 4608 830 4630 1536 2088 215 3831 844 220 831 3538 222 1869 817 205 4631 176 214 113 2757 4560 1765 3129 492 1956 228 3130 845
4143 2860 4142 2566 3665 1858 2567
4517 1368 1213 4237 3577 808 4396 3146 3033 1350 2030 1860 1242 2596 1371 3726 1921
842 894 841 840 839 1259 1163
3122 4188 2227 1669 1668 768 2943 578 767
1394 1658 1199 2952 4204 407 1395 1804 1188 293 1152 2703 72 4124 4122 4205 1710 4123 1393 1820
316 4134
4118 435
619 4609 3241
3074 4826 3208 3653 4797 1975 2734 4901 4905 1597 4545 756 2723 3693 3781 2392 3716 2430 3921 4764 2120 2502 4799 3377 4793 1995 1533 4890 4527 4810 4773 904 2236 3989 3560 2864 2375 4863 2341 4883 4785 2569 2805 4804 4771 3082 2585 1888 811 984 4835 4531 3234 4888 3636 2671 4770 2800 4865 1889 2426 4662 2810 1596 3731 4844 3471 3890 1109 4887 3930 4794 2384 3219 2465 980 1919 3502 955 4852 4762 4783 3394 3186 4628 4787 3294 4766 2244 4798 4871 4812 2470 4886 2342 4698 1050 4179 1054 3346 4902 4796 4769 1894 587 2717 3284 4312 4767 3806 2495 4786 1049 3464 2561 4801 4788 2991 925 3973 4223 2931 3957 4792 2852 2360 2482 4784 4062 3238 3512 3072 4824 4768 2948 4858 4848 1084 2863 2128 3859 3915 2535 2469 4811 4706 3819 3958 973 4851 2563 4911 1110
183 4505 184 2309 2264 357 3804 2181 2065 4242 3280
1545 1542 1429 496 1543 1544 495
378 3810 4078 4077
855 26 1682 372 1767 62 2464 63 4468 1339 1505 64 61 3139 4305 1934 2387 373 3140 2404 4265 3112
412 2115 143 2116 2102 2109 2114 4370 2105 2108 2106 2074 2113 2117 2111 2118 3110 2110 1904
4241 4456 2656 3842 2956 4331 4402
2005 1262 299 1713 2022 799
1203 1419 1694 1138 3267 4349 4350
95 717 1565 716
2020 932 1107 4136 268 1216 286 1219 1180 3098 920 291 1873 2449 2003 928 539 1046
1421 3116 722 1943 1930 399 1928 3165 723 1231 1938 724 1935 4173 1926 1932 1942 1933 4990
3499 2881 1111 2522 172 87
4185 4980 271 2317 4236 317 2103 2637 4234 2627 802 1431 4358 4278 4210 4533 3699 4232 4164 911 3679 1529 209 4976 4215 1389 3002 1738 2190 3506 869 3211 3231 1392 1417 4165 2044 1472 1404 2011 4163 71 3956 2762 14 3132 1532 2330 2618 276 1145 3217 2400 4355 1387 4040 4036 2636 1345 1826 4245 4342 3885 2322 2700 2229 275 4967 3694 2960 4357 4171 3300 351 970 133 720 4137 4214 3546 27 4391 1651 4244 4704 4216 1949 69 24 1834 3301 2857 4353 2643 2245 3899 4235 1756 4367 3483 11 4963 3024 2550 4211 2940 595 2647 566 4381 867 4197 4243 3526
696 4663 695 3446 3111
729 1908 4126 789 546 2601
606 1482 661 2131 2894 689 597 2808 4174 390 4083 4084 527 1448 428 667 2796 2512 1466 2670 1146 4081 4549 1467 4550 4551 1189
4316 2168 1608 1503 2521 139 1502 1504 1579 3572 3891 4632 374
1446 4048 2505 3898 135 4420
4097 4406 849
3452 3702 4593 4566 4186 2776 191 4542 2219 3356 4592 2333 2332 3418 2331 3928 4564 1301 4571 3227 4191 3245 3624 4444 4572 4568 4567 4565 1983 4671 4594 4595 3847
4983 1653 4325 3312
4918 4930 4919 4917
1497 1495 1566 1380 1185 656 1524 1403 1452 680 877 2220 4071 1960 96 4598 2329 1263 1564 97 1586 94 3128 93 1843
2799 477 3771
60 971 59 238 2060 3613 368
319 1540 4320 494 257 4317 493 447 544
2878 3054 2729 1122 1064 85 3433 4454 4362 4403 4470 1065 4522 3626 4307 4079 4389 4162 3720 3858 2328 1157 4469 2687 3571 4327 607 4169 3330 4250 86 4612 605 4557 3666
1963 4154 4701
1097 2932 1883 339 3772 91 1165 401 3691 4739 2533 265 643 2547 833 741 198 2040 3692 4979 256 116 890 635 332 3747 3249 1947 4366 838 1561 1258 1420 4341 1023 41 3460 644 491 3591 439 3861 467 4082 4148 145 4453 1699 1718 1297 1026 4110 646 3307 4363 692 2053 3266 3329 2325 1270 4977 330 261 396 4430 750 2530 1993 3438 4091 4449 1550 1459 1182 1264 4217 910 3952 2148 1572 1373 4697 1033 4220 706 318 4065 39 315 4494 2093 558 288 4039 517 1089 754 1717 697 4457 570 2029 326 798 4238 1845 4473 1648 4460 2371 422 1877 1620 3287 3131 463 2300 2651 826 2536 3094 2235 852 4988 4461 4474 4486 50 3275 949 4475 4336 458 3200 1509 4425
313 702 3191 298
1615 1611 758 946 1610 2478 1612 4710 4711 4447 3985 2735 1614 370 1911
448 166 3677 151 1878 153 1696 149 3456 1697 528 1712 1485 616 1723 150 1701 490 1362 161 1684 141 1706 232 1708 585 614 213 1702 1705 1716 1707 230 1704 1715 1735 615 1693 1714 207 1698 1335 2541
4412 673 4428 4099 674 2841 4597 4552 4309 4616 4553 180 3320 584 4310 4089 4017 1554 2840
4816 1742 4831 3322 3104 2163
4408 4501 4176 843 3041
1680 4734 4806 4167
3534 1744 3870 1587 4064 4687 4060 4692
1571 901 1525 1191
2085 532 4705 4599 531 66
1676 1296 1440
1008 2532 2531 1007 777 2832
664 662 4897 663
900 899
783 3134
2577 162
3564 3563
3119 3118
3762 3763
3371 3370
3216 3215
4906 4907
4924 4925
2294 2293
3855 3856
2707 2706
3766 3767
4961 4960
2712 2711
35 34
2843 2842
3276 3277
3947 3948
4951 4950
1324 1323
4954 4955
3740 3741
3168 3169
2253 2251
3536 3537
3945 3946
2972 2971
4856 4857
2555 2554
2967 2966
3580 3579
3004 3005
1118 2844
1957 1958
3417 3736
2374 2373
4484 4971
3769 4554
4387 1028 2556
726 725 2607
482 4129 4130 1519 2094 483
538 459 3676 1512 600 3495 3513
138 917 2177 996 4621 2048 923 3612 2564 1541 1623 3143 1450 1828
1331 2018 2016 1633 2565 1978 1251 924 1814 1385 1386 2008 2014 2015
3959 3187 2133 1291 3524 3853
665 785 3150 4945
1946 3316 2178 4573 4578 3942 4574 3994 4576 4580 4575 4589 4577 4581 4583 4591 4032 134 3545 4587 3283 3944 4586 4585 4582 4588 4579 4590 2270 1280
440 441 1083 4678 822 828 824 4472 3581 2728 825 813 1148 4218 3830 4969 827 2727
4314 4035 1366 1652 4111 1920 1546 2592
1555 481 186 1854 4657 3264
4034 2095 1398 74 416 854 977 1890 3918 853 4050 414 2657 2658 727 189
2122 2839 2838
3978 3988 3977 4100
4451 1096 4986 3837
2912 2869 704 1048
4760 926 927 1269 369 1020 1212 1812 1309 4682 1384 1629 933 1215 3867 1019 2249 4280 1078 1241 4286 1079
2037 1631 1201 2990 2041 2546
2345 603 1098 1090 2165 4759
3972 1517 4161 1400 1449 4240 479 478 1468 1959 719 1451
1364 279 281 1881 1365 1363 733
84 2274 4298 83 3044 3213
746 3640 509 1492 4321 3278 1471
4334 1747 259 2136 260
1381 2630 728 4361 4968 2553 2304 3177 677 2275
3542 3172 4319 1528 761
196 3458 1484 1483
3341 4921 3317
1233 1234 1232
2421 2420 2854
2590 3759 2591
3045 3835 3836
2144 2461 2143
2751 3758 3757
109 1516 4562 836 1649 78 978 4748 3729 4410 2508 3860
1743 156 993 990
1447 335 1372 36 37
809 1348 4932 810
4491 44 4987 4485 1499 38 2152 40 43 2169
2078 2084 107 2100 2092 4182 108 1781 2071 2080 2089 2072 2077 2098 1803 681 193 678 2099 175 2079
472 88 804 89 803 805
779 1247 2678 1641 4922 1527
4511 1024 4510 4433 4072 4195
3336 329 4617 1654 3365 1551 1559 1552
3780 1802 1367 2716
333 334 4022 344 202 338 2641 968 1245 388 4304 340 4386 611 3727 352 3730 4382 4019 342 1337 4020 350 4384 341 4025 336 347 4385 1338 4620 4619 3090 4024 348 4023 4021 4936 337
1887 2899 1830
1531 3865
1183 1184
4828 1619
1857 2129
1141 1059 1374 2218
639 2708 473 551 550 1153
395 403 1791 402 2612
3156 772 1300 1613 997 2639 2617 1625 998 3157 3779
1218 51 1646 52 3884 3906 53 54
4093 2272 514 445 446 653
1506 3742 1204 734
958 957 3190
1319 1277 1276
4957 4849 4872
4881 3739 2534
1238 3137 1313
4732 4992 4991
3327 3326 3328
731 2488 2489
2083 3864 549
2493 2494 3609
3393 4526 4525
1228 1237 1229
117 3523 637
627 515 3768
3246 4495 4166
4450 3260 1034
954 3251 4538
328 748 749
2434 2017 2435
3425 1840 48
3175 590 131
2130 2132 3335
1758 2587 4489
2414 2413 3912 2597
1093 1621 430 1092 744 4747
3715 76 227 4422 3309
1508 3950 1556 4483 2514 4427 2062 277 3001
263 3623 264 4740 3765 3969 3345
1416 1603 1418
4629 4112 3107
2124 2775 4087 4399 2714 4056 1772 3214 1862 486 3629 4400 3142 4398 4226
102 1454 2211 2000 3292 879 878 1205 119 2213 67 2004 30 2167 1599 65 858 2183
1500 4373 1501 1868 4293 2411
698 4345 3880 700 194 699
252 255 254 2258 753
3117 2965 4900 2964 4809
701 1091 896 3145 1095 4033 4418
371 4128 1149 1274
557 556 1283 2958
1602 3009 4658 4559 2254 4177 1192
1410 4625 4146 105 3829
426 4874 559 2920 2217 2406
526 774 2742 1009 1581 1582 1583 1584
3923 2709 3723 2246 4966 3105
219 2764 4614 2006 2007 2765 4733
4153 823 1750 1835 4121
4827 4839 1674 4840 3070 4837 4838 157 2752 4850 4847 1749
1846 1848 1513 1539
1379 2954 1378 641
995 2326 2327
3751 4530 3750
3562 1636 1635 4584
687 790 2968 1217
1027 3182 3951 4668
387 4184 2988 2987
608 4471 2862 2861
2746 2747 90 1268
2484 2483 4532 4038
498 846 1891 4114 1992 272 3302 488 489 4061 3886
3020 2126 2936 2801 1082 2921 2946 972 1080 3833
3525 918 2859 2056 4417 1010 835 1322 919
1799 821 1800 1801
2138 2137 3127 3895 2149
959 960 979 3102
4829 2389 2013 1250 3920 4830 2679
2021 434 4094 70 4440 4270 2957 769 1194
563 3879 564 3035 3106
1433 1575 1432 3178 1511
1134 2540 3991 512
2383 651 620 4727
4504 535 676 4503 419 464 2510 1988 4359 2242 1903 284 4502 541 420 405 507 599 1515 4674 3876 418 4088 1514 393 391 2529 2452
4330 366 3917 1388 4521
4937 543 2388 4938 4939
714 1847 715 4746 4419
513 1062 2900
3296 568 1128 3568 258 389 4547 793 2052
2039 4300 58 4297 3680 1181 1399 4295 1456 1401 1081 569 4299 1630
4821 3592 2127 1987 4002 3547
3997 3195 3995 3998 3999 3874 3281 983 3996
1790 1349 3406 4602 3439 4982 3163 3357 3955 4201 2758 1895 431 4196 548 1789 1240 1347 1634 1687 3897 3866 73 4462
1063 944 127 945 3123 3598 3728
242 806 1000
1239 1100 1131 3135 567 1071
988 987 2829
3724 3324 1014 487 837
2172 1223 1159 632 650
592 781 2605 1051 2846
201 195 75 199 200 204 3
657 4414 1624 2054 4 4415
1072 565 583 981 985 982
311 4282 721 1925 3854 1924 2551 2455 190
2230 1195 250 4972 248
7 262 1 1570 4037 2 4054 320 1346
2648 1912 4985 2352 4377 2624 1719 2346 4395 2347 2350 2622 1006 2629 2645 2623 865 864 2649 2458 870 1489 707 1774 2628 638 2316 4683 2634 708 1461 596 2626 3587 2043 765 2621 1068 2640 2416 433 2635 1025 2314 800 861 640 2620 1460 2625 2642 2633 860 103 862 1970 891 2644 2953 863 533 3363 2351 4546 3962 897 432 3358 859 815 1119 524 2608 2348 4541 3987 4948 2415
989 4443 1005 4446 4229 2394 1029 4228 4253 4445 4290 1030
4613 4026 4279 1160 4273 4274 4275 3504 4277 2977 3744 4536 3503 3093 530 4313 4596 1962 1673
4397 2376 3611 4405 3992 3857 2767 976
3980 2112 4206 1060 4135 4213
2438 2439 2440
1729 208 4790
2570 2476 2475
1043 1106 1042
1811 1810 3982
3845 3919 3990
3254 3256 3253 3255
621 2477 589 999
4974 1085 3288 3981
4248 4225 975 3745 4464 652 2604 4281 3514 2944 542 4667
77 234 229 2507 226 233 203 2847
736 4311 4296 735 4360 4611
2664 3654 4076 4075 2665 3889
4051 290 755 4133 206 2273 1724 1647 436 669 757
1310 1796 511 1795
10 875 4434 2368 2646 4478 4476 4481 2523 4436 4482 4480 871 4368 2026 4199 4435 4439 4369 3873 3578 4479 4437 4200
4249 4347 1996 4247 571 2962
2868 3349 3209 3210 3099 4561
3181 413 885 2485 895 3180 4193 1103 1120 1121 2486 3179
4636 377 3910 3602 2233 2033 4962 379 3184 380 3183 4635 1206 1207
2669 4693 4694 4283 2068 4180
2355 4752 4751 4754
4027 2598 4029 4030 2380 4028 930 2379
552 705 4057 1535 4131 4058 3756 1397 3451 690 1396 1616
4651 18 17 4649 4650 4653 4652 2606
4086 3347 4085 1745 4864
4765 2191 4882 4891 3232
4544 4340 4500 4623 4509 4615 1574
1070 939 940 2031 1639
4896 1628 893 921 2034 2405 2858 4108 2158 931
745 743 2466 2722 4117 2467 1164
710 1553 4423 429 1462 1549 588
4383 4323 4984 3821 4691 4626
1954 1948 1955 1951 1944 1952 1945 1953 1186 2459 3803
1290 851 2433 1211 1210 1336 2456 1333
1493 4675 1839 961 4676 3746
4736 1518 762 577 4380 4335 4379 4741 4737 763 4095
2189 2340 1011 2257 1012
2638 672 4151 4424 1909 671 4493
98 2809 4702 3737 3551 594 3789 2668 3790 2659 3796 1308 3784 345 4931 3794 3788 99 49 346 4268 3799 3785 1307 4496 3682 3795 3797 3798 3507 3792 375 3787 343 3793 353 3738 474 2153 3791
4895 3805
2290 4699
4818 3732
2297 3303
4644 4645
3170 3269
173 506 505
4120 289
3566 3567
1576 1577
2261 2450
3108 4015
4903 4904
797 796
1170 1171
2444 2445
4246 2460
1137 1140
2763 4499
2996 2280
3176 1974
3290 3289
15 3133
410 4013
1056 832
4288 4292 4291
4975 2250
4401 576
3243 3721
1314 1315
3601 2366
3603 2019
4892 4894
2223 4898
2693 4452
888 4487
354 169 829
2166 2724
4267 3115
4224 2599
2419 4909 4004
4757 3367
3761 3743 3760
1094 1104
1299 3843
2402 4677
819 818 816 820
1632 2307 2833
2064 3159 3158
4328 4326 4916
1806 1892 415
3354 4973 3352
1243 3800 4642
1568 3259 4750
2441 2442
1252 1173 2205
2262 2263 1827 443
4981 4306
243 2660 247
4819 2504
874 1108
2589 4879
1776 3669 3668 170
1818 1304 545 1306 1305
1695 1618 537
1154 1727 1728 1155 1726 4758
3138 174 4946 177 179 178
3573 1292 3144 2609 4926 2610
2992 2995 3318 2993 2994
782 586 3852
2069 101 2066 1187 3616 2059 1382 3878 555 3877 974 2058 554 2051 6 100 3617 2070 2750 1692 2850
1208 4372 709 876 2616
1455 181 185 192 4208 2583 4458 4459 182
4695 2575 2576 4187 4846
3319 4488 1142 2673 4378 4198 2955
4878 2308 4820 3916
4659 4416 4660 1353 231
269 270 282 1457 2256
2519 2237 3585 3348 3359 4001 2238 3544 2848 4442 1198 3593 4007 4441 2390 2391 2830
4115 2731 4513 167 4139 4138 386 497 1479
634 1899 3594 1897
3498 4271 2685 1013 2234 518 2296 4455 3057
1733 593 1788 1734 1737 1739 591
3599 1041 3600 3569
4646 3361 3360 3342
456 2925 450 1428 454 2241 449 452 451 4178 2516 4221 349 4222 3960
129 4318 3171 132 124 121 137 123 126 142 125 122
376 2675 2574 2682 2684 2677 2680 2676 2349 1076 2552 2681 2503 2315 1976 3782
1720 1151 1722 1725 1150 1730 1732 1721 246
92 2588 253 1260
3263 4343 3590 1703 3141 4448 3597
1435 1477 3914 3974
1986 1136 1980 1982 1809 1984 1981 3308
4168 4289 1261 4207 4116 4157 747 4421
812 2976 2983 2975 2985 2981 2980 2973 2978 2979 2982 2974 4952 3841 1885
1777 3660 519 3661 3362 4010
3501 3378 3212 4876 4853 4877
529 1683 1688 1691 1681 1690 1678 1689
655 2989 2834 3881 4910 2279 2999
3030 3043 4949 2837 3040 2364 2766 3014 3048 780 3050 3038 2184 3053 3027 3011 3029 2107 2789 3037 3047 3007 2791 3039 3019 3022 3013 2797 3016 3021 3010 3046 766 3608 3015 2104 3025 2291 3026 562 3012 3031 3052 2689 3018 2386 2073 523 3036 3017 4749 2255 3606 3674 2292
3543 2759 4639 2312 8 2313
2369 1375 1831 4390 2713 1061
2718 3700 3380 525 3697 3718 3688 3684 3712 2057 3706 3683 3701 3719 3713 3698 3709 3657 3696 2075 3595 3705 3364 3711 2284 3689 1736 3714 475 3678 3235 3042 9 3663 3704 3686 3496 3685 3695 3520 3658 3455 3656 3708 3297 3707 3710 912 1534 2892 601
4731 4506 4524 4724 278 484 3313 4145 1478 4730 1876 4729 1407 4715 3188 4722 693 4714 1004 217 280 4156 1824 613 4666 4726 3529 2793 4721 1230 3167 4634 79 1808 56 3813 1427 57 1458 4719 636 4723 3911 4516 694 240 4716 1875 712 4322 1406 1426 1836 4717 1422 645 1821 2690 216 4713 3071 1677 2097 4720 4725 68 1423 850 3474 4718 4728 470 237 1464 1825 2549 4669 1425 465 471 2150 4953 466 1622 1409 2782 273 1408 55 1405 510 1807 834 3314 1424 2012 3166 3315 427 4515 2997
4181 1073 847 913
45 3540 4555 3541
3815 4073 3530 2045
2146 3487 3189 4315
1317 2730 1645 2753
2091 4409 500 266 534
1601 3173 3008
2343 1167 4348 1657 4995 1168
1224 1225 4776 4643 4913 3408 2417 4777 4778 4780 4775 4781 4774 4779 2418
1235 3034 1022 3113 4394 1236
188 4261 4259 4256 866 4262 4258 468 4257
2579 791 4570 4569 2010 792
2086 2087 29 28
2428 2427 2423 2046 1172 2200 1190 1075 2432 2431 1021 2429 2424 2425 3887
1763 1679 3442 1761 3986 1766 1822 1764
2828 1914 2047 649 2792 1922 1526 2787 2804 2822 2818 2526 654 2794 1453 2827 2820 2780 2732 2806 703 2783 2802 2781 2803 2788 2811 148 2779 2798 1585 868 2525 2778 2807 2462 2544 104 1496 2786 2795 2815 2821 2813 679 2790 2784 2785 540 4074 1588 2520 2826 2823 2499 2063 2447 2814 2819 1390 147 3339 3151 3272 1833 3565 648 647 4703
3310 520 3632 3644 3622 3619 3643 2558 3627 3633 3630 3642 3647 3635 3645 3639 3625 385 3631 160 3637 3634 3620 2661 3638 1220 3648 633 3621 2876 2557 2584 3628 1281 3649 3888 3646 602 3618 2719 1357 1175 1279 4899 4344 3752
3086 3068 4743 629 742 4929 3066 3089 3801 3085 3077 3073 3058 2365 1166 3059 3067 1039 3069 3060 3064 2578 609 1901 3083 3078 1686 3088 1318 3061 3075 3084 3065 3063 682 3076 1852 3080 1902 3079 3103 610 3114 4686 3490
106 3822 581 1638 580 1637 582 110
1123 1961 1560 775 1124 1969 4364 1967 1972 1965 1971 4365 969 3268
3574 3575 3576
1916 3125 2473 764 1917
1861 1863 1865 3162
4661 732 711 3091 4684 3092
1438 1853 425 3820 2513
807 2856 3282 4742
3331 3675 3032 3226
3651 4009 4867 4508 3851 3489 3850
4000 1126 1127 3670
2872 4670 953 1102
1316 1740 4958 1741
4832 4833 2836
267 1147 1341 274 4160 2705 1340
2817 3368 3479 3478 2701 3476 3472 82 3475 3369 3477 2702
3193 4735 12
2193 2171 2202 2188 2207 1486 2160 2162 2214 1487 740 2155 2174 2210 2179 2185 892 1905 4404 2187 2186 2173 2194 2170 2195 2175 4638 2157 2216 1176 2201 2156 2204 2192 2176 2199 1792 2209 2197 915 2159 2208 2196 2198 2164 2180 314 2182 3839 4119
4935 3929 3922 3925 3934 3939 2123 1256 3927 3431 1330 1001 3931 1077 3936 1086 3430 2154 1275 3389 3935 3933 3938 3937 3926 3519 2001 2336 2147 1174 3607 1817 1002 1253 3325 986 1257 1087
2812 2203 3826 2385 2311 1870 3823 1872 3824 1209 1866 3825 3827 3828 2310 4096
3196 1112 3197 691 3203 3198 3205 3204 3207 1794 668 3201 3199 3206 2457 3202
3459 4941 618 3441 2377 3383 2737 3396 3462 3428 3424 2228 2266 382 3386 2395 3419 3436 3384 3470 3411 1966 455 3432 3461 1879 2704 3435 3465 2009 3447 3382 2321 3147 3397 1950 4942 3376 3388 3450 1816 3449 2515 2298 3437 3463 2897 801 3440 4940 3372 3381 3414 3457 3402 3468 992 3399 2593 3279 1864 3466 2232 3412 2916 3416 2215 2511 1302 3154 3374 3427 411 1871 2206 3375 3392 3391 3448 1069 3422 3403 1044 2603 3274 3304 3261 1099 2950 2422 2140 2740 3467 1844 3453 3404 128 2761 3385 3420 3398 2741 3429 2906 2884 1548 3454 3444 3405 3423 3409 1557 3445 3395 2654 905 3298 660 3413 2745 1286 1886 2527 1463 1675 3379 3401 1066 3410 1884 2285 516 2161 3443 2448 2139 2777 4943 561 3491 3305 2378 3153 3273 394 2267
4303 572 3521 1769 4031 573 1880 4302 2359 2743 4003 302
381 4356 4212 3968 4352 4354
1753 4862 1759 1757 1755 4329 158 1045 115 1760 3136 1754 1752 1748 2560
1786 1779 1773 1780 1770 1785 1782 1778 409 1784 4429 1105 165 1775 3773 2268
3941 3967 3087 3964 3293 3963 3966 3965 2363 13 285 4868
1326 739 737 1567 738 1327
2600 221 2286 2287 2602 1018
3233 2986 1003 2998
2969 3222 3224 3223 3221 1074 3028 3225 3228 3220
424 421 3778 2356 2357 3777
1214 2934 163 1298 2890 898 1929
3901 4407 1361 1617 1476 1507 1360
4070 3774 956
2471 4761 2224
2142 2339 3295 604 2141
4046 4044 2002 367 4233 1442 111 1562 4047 4043 1837 1445 3932 1838 4042 3783 1443 4045 4041 3334 3265 2082 1798
304 2481 2896 3904 2472 3905 3907 3908 3840 1968 3097
2135 4817 4815 3984 4813 4782 4477 4814 4125 4465
4808 2479 2277 2278
2399 2397 560 2393 2398 1498
223 2572 2573
2302 2303 2506
3868 3869 4113
130 1650 887
3338 2370 3340
1158 2615 3299
3244 2372 2666
2662 991 994
2919 935 2945 2922 2928 2942 2947 2937 2924 2918 929 2915 2927 2926 325 2935 2655 2695 154 1193 2949 2696 2930 2951 1874 140 2939 916 2941 2929 2067
4912 4860 4805 4745 3081 4893
251 2611 2904 2879 2880 2911 2886 2853 2909 2888 2903 903 2910 305 2893 2898 331 2901 2653 2595 2902 2889 2905 2891 2907 2887 2874 1731 42 3535 2908 2652 1135 2134
4859 2543 4789 2542
3051 1964 3673 2454 3485 3672
2825 2281 3500 1867 3344 3508 3516 3510 1915 3515 2282 3517 3511 3509 3518 2865 4923 2334 2824 3148 3505 2866 2335
2409 2410 2407 1329 1328 2408
1913 1910 1465 1391 3892 2381 2382 1907
485 1254
4834 3671
1383 16
4933 3818 3816 3056 3390 3407 3596 2699 2151 3814 3808 3817 2500 3812 3434 2984 1101 3811 502 2396 1898 3285 3421 3610 1931 1139 384 1900 2582 1125
4655 2023 4656 3252 1227
3174 752 1563 2849 1244 4534 437 438
3366 1856 3311 947
3775 1580 1609 3776 4854 1851
3909 2320 2739 3641 4209 2959 397 1829 398
1376 3555 3558 3552 1989 3557 3550 3337 3055 1999 1377 1017 4708 3270 3549 1918 2451 3556 3561 3554 3559 3553
2497 4928 4014 2463 3373 2496 2721 499 1813
4978 4337 4467 4144 2081
2562 4018 1287
1143 1144 2222
1248 685 1249 3586
1644 1643 4012
3480 3481 3482
1040 3350 3351
1488 2491 4772 2492
3218 1178 547 1179
2125 626 2970 3844
4915 508 4607 4870
1200 3614 1923 4140 3979 4155 4141
1226 3786 4605 3913 2119 4606
136 1832 81
2367 1255 3875 1295
966 4127 965 964
4841 3333 3976 3975
575 2501 1058 1057
4664 4637 1038 1037
4873 2225 4822 3838 211 4823 2226 4970
4685 3924 1558 2260 1977 3961
1941 4132 4052
3400 3872 1685 4016 3722 2691 4885
2873 2338 4053 1311 2337
3943 934 4152 4836 2276 2686 4150 1031 4147 2692 658
2663 1841 1850 1578 3271 914
1991 2539 2358 1129 3239 3242
4005 2537 4889 1132 1133 2538
144 239 235
3734 2487 3528 2877 1600 3735
2248 4308 2038 3250 3582
2362 3548 2269 4648 3954
3192 2247
848 2885 3749
4914 521
4869 4855 751 2568
3770 4006
2748 2749
4324 2631 4543
2870 2871
1573 4102
536 3343
1480 4063
2518 2517
2613 2614
1055 1053
3321 155
3662 2324
4647 1470 4269
3291 3152
2212 3124
4183 1265
2096 2090
3754 3753
3229 3230
225 2594
3161 3846
460 3492
1412 1411
1036 1035
120 4842
4927 4964
3247 3248
1114 1113
2319 2318
872 873
2528 2768
3802 212
3286 3006
2580 2581
2354 1937
2650 417
1569 4490
3355 4763
1469 4438
794 795
1939 3584
2446 3532 3531
2571 612 2259
453 3832 3332
3240 3848 3849
1746 3101 3100
2559 1751 1642
1793 3488 2437
1116 1115 1117
1896 2344 3664
4339 1882 4518
948 469 3882
4800 4802 4803 4633
3121 3120 4239
146 3258 3257
3353 4807
4875 1351 1352 4861
112
1709
675
3655
4332
4795
2738
1444
3262
3748
1783
2736
3237
3306
3003
4825
442
224
1520
168
2453
2076
3725
642
3149
408
4287
3971
2913
2715
2755
2271
4791
1768
2667
2231
503
3863
4529
1267
4463
2283
444
4346
4965
2688
2239
3493
2024
25
3983
3155
3096
2586
4696
2240
1177
1303
2835
4947
462
2042
4956
3539
3834
4528
476
2867
4690
3667
1202
4351
4393
3323
4601
3494
5
3903
4011
2401
3733
2443
3615
1547
718
3993
3883
4622
3194
4392
4272
2548
2545
4738
3387
3764
4920
3095
4845
3871
1016
2674
4843
2756
4104
2474
