1 2 3 4 5 6 7 8 9 10 11 12 13 14 15 16 17 18 19 20 22 23 25 26 27 28 31 32 33 34 95 96 170 173 174 175 176 178 179 180 181 189 222 223 226 232 272 275 354 355 357 369 380 401 419 443 444 666 867 868 1051 1256 1301 1392 1480 1481 1524 1702 1852 1853 1924 1947 1949 2141 2266 2269 2549 2565 2658 2868 3343 3506 3507 3536 3637 3685
29 30 39 40 42 43 47 52 54 55 56 57 60 69 73 107 109 135 152 216 221 468 470 475 479 480 491 492 493 494 495 510 528 531 541 555 556 578 579 585 590 591 592 610 616 620 623 645 663 664 665 755 823 900 901 984 999 1013 1024 1096 1097 1098 1099 1100 1101 1126 1141 1210 1287 1318 1347 1356 1376 1399 1414 1434 1435 1438 1458 1510 1525 1526 1527 1573 1594 1791 1828 1865 1939 1982 2121 2208 2214 2219 2249 2252 2551 2803 2839 3006 3010 3267 3344
36 71 78 92 100 101 117 125 145 183 203 235 236 262 277 286 288 291 381 398 448 464 466 485 504 518 519 524 525 549 562 563 565 566 567 568 569 570 605 606 607 613 617 618 630 641 649 652 677 680 682 683 684 685 692 694 699 700 702 703 705 706 707 710 711 717 725 726 732 734 735 757 772 773 774 784 791 796 797 831 832 845 887 893 928 929 930 944 945 949 951 952 953 954 962 979 1016 1047 1059 1060 1061 1132 1148 1149 1165 1195 1321 1334 1341 1342 1360 1374 1421 1425 1426 1440 1451 1462 1478 1491 1515 1548 1565 1586 1616 1688 1714 1784 1839 1850 1854 1875 1880 1894 1895 1896 1897 1898 1908 1943 1983 2003 2004 2011 2055 2152 2284 2294 2330 2423 2477 2484 2536 2555 2588 2596 2601 2646 2748 2828 2841 2844 2930 2934 2983 2984 3023 3319 3351 3359 3360 3367 3583 3667 3778 3843 3904 3966
37 147 200 202 425 426 427 428 429 430 432 433 434 435 436 437 438 439 440 451 458 460 523 526 545 547 572 647 650 695 809 838 848 874 883 885 956 967 978 1041 1042 1055 1062 1164 1198 1199 1200 1201 1202 1224 1255 1276 1304 1305 1306 1343 1364 1366 1391 1410 1411 1457 1684 1697 1749 1889 1978
44 48 49 50 51 65 66 68 84 87 118 150 167 254 255 294 535 727 737 761 805 840 869 988 989 990 991 992 994 995 1004 1006 1065 1152 1173 1211 1280 1330 1363 1402 1403 1417 1443 1453 1489 1494 1905 1910 1985 2079 2285 2286 2415 2433 2624 2717 3029 3048 3075 3229 3334 3340 3380 4142 4143 4144 4145 4146 4147 4148
45 46 114 134 388 389 390 391 392 393 394 395 924 925 926 927 1496 2032 2033 2040 2131 2188 2189 2314 2471 2607 2926 3724 3729 3808 3928 4214 4314 4315
143 1370 1371 1427 1956 2711 2949 2951 2977 3056 3057 3438 3981
59 1002 1003 1264 1265 1957 2222 2458 3467 4119 4230
62 290 304 306 307 308 309 554 681 872 963 1734
1217 1218 1361 1397 1539 1783 1866 2392 2808 2842 3174 3268 3478
67 714 1960 1962 1965 1966 2066 3847
74 76 124 153 660 847 1122 1197 1277 1307 1308 1398 1488 1796 1976 2046 2099 2106 2107 2200 2203 2307 2457 2906 3149 3281 3523
75 807 1302 1303 1528 1817 2693 2886 2888
81 913 916 1221 1635 1954 2388 2548 2606 2802 3276 3570 3589 3953
82 116 574 671 1094 1781 3058
86 704 709 2576 3213 4219
91 97 103 348 626 654 655 748 933 936 948 1028 1085 1086 1131 1161 1293 1294 1407 1657 1658 1659 1661 1668 1670 1671 1704 1705 1706 2324 2455 2647 2666 3127 3714 3775 3776 3777
1111 1113 1114 1115 1116 1117 1761 2073
2083 3625 4161 4162 4163
79 80 104 111 119 188 446 467 546 793 849 1373 1559 1770 1928 2210 2365 2530 3019 3579 3668 3686 4284 4285 4337 4348 4349 4350 4352 4353
126 133 136 149 2008 2097 2293 2326 2676 2960 2975 3013 3204 3346 3485 4008
131 2763 2801 3087 3198 3221 4291
64 141 146 213 215 301 463 514 515 599 604 631 765 766 837 858 902 1014 1283 1285 1291 1346 1369 1500 1503 1505 1754 1984 2010 2031 2082 2248 2570 2689 2699 2751 2757 2809 2854 2925
158 1386 2157 2744 3353
168 1459 2863 2939 2982 3136 3137 3138
169 1109 1110 2559 2560
191 192 194 206 208 209 210 211 212 646
195 196 237 238 239 240 242 243 2429
204 661 2091 2166 2610 3310 3311 4275
218 423 712 915 1542 1647 2336 2584 2855 2916 2937 3251 3252 3253 3254
611 739 1088 1862 2915
542 669 1602 1603
2143 2356 3100 3402 3403 3464
246 249 251 252 3202
487 488 1044 1072 1077 1078 1079 1080 1973 2223 2224 2225 2498 2988 3241 3668 3748 4271
282 2454 2636 2637 2722 3022 3336 3445 3446 3461 3835 3836 4313
295 745 746 2519 2753 2754 3009 3122
317 329 330 335 336 1234 1237 1238 1239 1241 1242 1243 1244 1245 1246 1247 1248 1263 2201 3492
327 2796 3486 3923
382 384 1290 1431 1511 1724 1772 2098 2864 4058 4059 4060 4061
1968 2438 3004 3249
459 462 2702 2703 2887 2898 2987 3376 4090 4341
473 478 1998 2791 2981
489 490 1461 1584 2068
496 497 905 906 907 908 909 910 1261 1959 2153 2155 2191 3189
1310 1549 1550 1552
516 517 1178 1236 2206 2453 2652 2653 3602 3677 3678 3752 3754 3774 3863 4280 4292 4363
730 1375 1569 1570 1681 2057 2142 2265 2504 2505 2506 2507 2976 3011 3086 3890
1929 1931 1932 1933 3358
2038 2404 2783 3184 3185 3186 3231 3839 4111
759 1918 1919 1920 1921 1922 3929
1083 1580 2001 2078 2556 2557 2777 3169 3170 3171 3278 3279 3872 3873
1694 1774 3975 3977
2489 2490 2708 3512 4173 4174
816 817 818 3280 4217 4218
828 829 830 2311 2312 3335
931 1648 1649 1651 1652 1653
2164 2165 3104 4323
1137 3349 3350 4260
1278 1284 1633 2277
2436 2437 2684 3324 3569
1568 3736 3737 4357
1747 1748 2163 3232 3233 3234
1752 2331 2411 4114
1765 2710 3547 3548 3549
1780 1785 2823 3399
1900 2130 2147 2148
2013 2014 2015 3134 3228 3230 3771
2044 2226 3834 4003
2047 2048 2315 3190
2076 2663 3627 3633 3634 3635 3918 4237
2255 2662 2749 2851 2913 3250 3444 4324
2279 2282 3146 3147 3148 4195
2402 3342 4113 4165 4211
2405 3201 3494 3869 3870
2430 2873 2945 2946
2481 2482 2483 4213
2567 3207 3312 3477
2732 2733 3907 3908
2986 3194 3985 4057
3405 3407 3493 3503 3504 4094
4020 4021 4022 4023 4024 4025 4026 4027 4028 4029 4030 4031 4032 4033 4034 4035 4036
