1 11 14 15 26 178 443 3536
2 7 16 25 28
29 54 69 1527
48 49 50 51 254
70 191 192 193 194 206 207 208 209 210 211 212 476 643
72 89 144 1502 1750
76 1277 1307 1308 1488 2099 2107
91 1657 1659 1671
92 518 519 952 953 1149 1426 2488 2600 2601 2602 3035 3351
100 1548 3367 3583
104 111 119 3019
105 531 616 754
110 396 677 2003 2004
115 289 291 292
117 1616 1784 2933
122 181 819 836
124 132 134 847 1976
146 147 428 572
152 510 578 901 999 1013 1097 1098 1099 1100 1101 1141 1160 1982
184 425 426 432 434 438 439 458
188 545 546 547 874 1276 1305
195 196 237 238 241 242 2429
197 199 200 202 715 1482
213 306 307 464
217 507 2418 2634
235 303 381 451
245 358 2228 3539
246 247 248 249 250 251 252 253 2553
283 481 803 819 1189 1698 2416 2589
297 593 1155 2680
304 305 307 308 309 310 345 463 554 681 1728
316 352 637 639 640 651 825 827 903 940 941 1321 2983
371 375 376 380
382 1290 1724 1772 2098 2187 2864
388 389 390 391 392 393 394 395 924 926 2188 2189 2607
466 467 504 791
470 491 492 494 495 1285 1594
556 590 591 592 610
496 497 905 906 907 908 909 910 987 1261 1959 2154
502 597 1127 1128
503 724 797 1038 1039 1133 1935
522 1158 1673 1674
532 533 1209 1280 1297 1299 1353 1358 2258
561 564 1029 1031
565 566 567 608
570 772 1895 1896
577 996 1001 1007 1156 1214 1281 1563 2604 2706 2762
599 600 2444 3246
611 1259 1260 2915
617 618 928 930 944 945 1089 1454 1872 1875 2423 2828 2930
622 1165 2746 3966
670 671 1289 1951
680 682 683 684 757 962
505 1456 1907 2649 3429
705 709 1341 1491 1714 3213 4219
725 845 1839 1908 2466 2554
727 992 994 1006 1210 1464 1471 1910 2286
742 743 1349 1576 2917 3060 4362
744 2125 2297 2621 4284 4285 4337 4348 4349 4350 4352
632 765 1311 1312 1438 1693 1842 2681
778 779 835 1150 1557
802 804 1169 1170 1171 1172 1190 1447 2425
828 829 830 2114 2224 2311 2312 2988 3335
840 988 989 990 995 1004 1152 1211 1232 1403 1453
849 1055 1306 1373
851 1134 1220 1415
857 2776 2777 2778 2779
916 2802 3570 3589
943 1274 1356 1412 1413 1414 1631 1766 1806 2214 3450
957 958 1106 1107 2103 2127 2367
959 961 1608 1609 1689
966 1605 2810 2811 2937
997 998 1000 1087 2528
1019 1020 1021 1821 3000
1043 1044 1068 1069 1973 2498 3670
1064 1065 1066 1067 1070 1071
1103 1105 2166 2518
1111 1113 1114 1115 1116 1761 2073
1129 1130 1230 1490
1135 1744 1954 2388 3276
1145 1146 3474 3805
1179 2206 2653 2655 3752 3753 3754 3774 3863 4280
1436 1437 1461 1975
1505 2769 2826 2979 3212
1521 1614 1903 1905 1906
1568 1569 1570 2057 2142 2504 2505 2507 3011 3769 3890 4117
1801 1802 1803 1804 1805 2360 2398 2403
1929 1931 1932 1933
2078 2201 3277 3278 3279 3921
2471 3729 3808 4314 4315
2679 3172 3173 3192 3193
2939 2982 3136 3137 3138
3101 3102 3108 3109
3857 4058 4059 4060 4061
