0.150000 1.000000 0.750000 0.400097 0.355072 0.688306 0.460703 173
0.150000 1.500000 0.750000 0.408707 0.371921 0.671477 0.467338 161
0.150000 2.000000 0.750000 0.412198 0.378261 0.659596 0.468517 151
0.150000 2.500000 0.750000 0.409806 0.377660 0.654703 0.466202 149
0.150000 3.000000 0.750000 0.409813 0.378475 0.653592 0.466276 148
0.150000 3.500000 0.750000 0.408605 0.377698 0.652325 0.465197 148
0.150000 4.000000 0.750000 0.407666 0.375906 0.655693 0.464902 146
0.150000 4.500000 0.750000 0.406902 0.375114 0.655772 0.464303 146
0.150000 5.000000 0.750000 0.405952 0.373747 0.656185 0.463475 146
0.150000 5.500000 0.750000 0.405946 0.371115 0.658350 0.462890 146
0.150000 6.000000 0.750000 0.405224 0.371219 0.656342 0.462188 146
0.150000 6.500000 0.750000 0.405488 0.370745 0.657837 0.462442 145
0.150000 7.000000 0.750000 0.404587 0.370166 0.656754 0.461605 145
0.150000 7.500000 0.750000 0.402814 0.369103 0.654704 0.460008 144
0.150000 8.000000 0.750000 0.402814 0.369103 0.654704 0.460008 144
0.150000 8.500000 0.750000 0.402814 0.369103 0.654704 0.460008 144
0.150000 9.000000 0.750000 0.402814 0.369103 0.654704 0.460008 144
0.150000 9.500000 0.750000 0.402143 0.368519 0.654230 0.459399 144
0.150000 10.000000 0.750000 0.402143 0.368519 0.654230 0.459399 144
0.150000 10.500000 0.750000 0.402143 0.368519 0.654230 0.459399 144
0.150000 11.000000 0.750000 0.402143 0.368519 0.654230 0.459399 144
0.150000 11.500000 0.750000 0.402143 0.368519 0.654230 0.459399 144
0.150000 12.000000 0.750000 0.402143 0.368519 0.654230 0.459399 144
0.150000 12.500000 0.750000 0.402143 0.368519 0.654230 0.459399 144
0.150000 13.000000 0.750000 0.402143 0.368519 0.654230 0.459399 144
0.150000 13.500000 0.750000 0.402143 0.368519 0.654230 0.459399 144
0.150000 14.000000 0.750000 0.402143 0.368519 0.654230 0.459399 144
0.150000 14.500000 0.750000 0.402143 0.368519 0.654230 0.459399 144
0.150000 15.000000 0.750000 0.402143 0.368519 0.654230 0.459399 144
0.150000 15.500000 0.750000 0.402143 0.368519 0.654230 0.459399 144
0.150000 16.000000 0.750000 0.402143 0.368519 0.654230 0.459399 144
0.150000 16.500000 0.750000 0.402143 0.368519 0.654230 0.459399 144
0.150000 17.000000 0.750000 0.402143 0.368519 0.654230 0.459399 144
0.150000 17.500000 0.750000 0.402143 0.368519 0.654230 0.459399 144
0.150000 18.000000 0.750000 0.402143 0.368519 0.654230 0.459399 144
0.150000 18.500000 0.750000 0.402143 0.368519 0.654230 0.459399 144
0.150000 19.000000 0.750000 0.402143 0.368519 0.654230 0.459399 144
0.150000 19.500000 0.750000 0.402143 0.368519 0.654230 0.459399 144
0.150000 20.000000 0.750000 0.402143 0.368519 0.654230 0.459399 144
