0.150000 1.000000 0.750000 0.400743 0.355072 0.689589 0.461238 173
0.150000 1.500000 0.750000 0.409165 0.371921 0.671398 0.467495 161
0.150000 2.000000 0.750000 0.412531 0.378261 0.659324 0.468578 151
0.150000 2.500000 0.750000 0.410145 0.377660 0.654426 0.466265 149
0.150000 3.000000 0.750000 0.410156 0.378475 0.653312 0.466340 148
0.150000 3.500000 0.750000 0.408949 0.377698 0.652044 0.465261 148
0.150000 4.000000 0.750000 0.408012 0.375906 0.655410 0.464967 146
0.150000 4.500000 0.750000 0.407249 0.375114 0.655488 0.464368 146
0.150000 5.000000 0.750000 0.406300 0.373747 0.655900 0.463540 146
0.150000 5.500000 0.750000 0.406296 0.371115 0.658065 0.462956 146
0.150000 6.000000 0.750000 0.405574 0.371219 0.656055 0.462254 146
0.150000 6.500000 0.750000 0.405840 0.370745 0.657549 0.462508 145
0.150000 7.000000 0.750000 0.404939 0.370166 0.656467 0.461671 145
0.150000 7.500000 0.750000 0.403168 0.369103 0.654415 0.460075 144
0.150000 8.000000 0.750000 0.403168 0.369103 0.654415 0.460075 144
0.150000 8.500000 0.750000 0.403168 0.369103 0.654415 0.460075 144
0.150000 9.000000 0.750000 0.403168 0.369103 0.654415 0.460075 144
0.150000 9.500000 0.750000 0.402497 0.368519 0.653941 0.459466 144
0.150000 10.000000 0.750000 0.402497 0.368519 0.653941 0.459466 144
0.150000 10.500000 0.750000 0.402497 0.368519 0.653941 0.459466 144
0.150000 11.000000 0.750000 0.402497 0.368519 0.653941 0.459466 144
0.150000 11.500000 0.750000 0.402497 0.368519 0.653941 0.459466 144
0.150000 12.000000 0.750000 0.402497 0.368519 0.653941 0.459466 144
0.150000 12.500000 0.750000 0.402497 0.368519 0.653941 0.459466 144
0.150000 13.000000 0.750000 0.402497 0.368519 0.653941 0.459466 144
0.150000 13.500000 0.750000 0.402497 0.368519 0.653941 0.459466 144
0.150000 14.000000 0.750000 0.402497 0.368519 0.653941 0.459466 144
0.150000 14.500000 0.750000 0.402497 0.368519 0.653941 0.459466 144
0.150000 15.000000 0.750000 0.402497 0.368519 0.653941 0.459466 144
0.150000 15.500000 0.750000 0.402497 0.368519 0.653941 0.459466 144
0.150000 16.000000 0.750000 0.402497 0.368519 0.653941 0.459466 144
0.150000 16.500000 0.750000 0.402497 0.368519 0.653941 0.459466 144
0.150000 17.000000 0.750000 0.402497 0.368519 0.653941 0.459466 144
0.150000 17.500000 0.750000 0.402497 0.368519 0.653941 0.459466 144
0.150000 18.000000 0.750000 0.402497 0.368519 0.653941 0.459466 144
0.150000 18.500000 0.750000 0.402497 0.368519 0.653941 0.459466 144
0.150000 19.000000 0.750000 0.402497 0.368519 0.653941 0.459466 144
0.150000 19.500000 0.750000 0.402497 0.368519 0.653941 0.459466 144
0.150000 20.000000 0.750000 0.402497 0.368519 0.653941 0.459466 144
